Face(bbox=array([387.30093384,  84.12558746, 487.30807495, 218.43571472]), landmark=array([[414.4938 , 140.80075],
       [459.89093, 136.55583],
       [439.93054, 167.34732],
       [425.39044, 189.8295 ],
       [459.27295, 185.86401]], dtype=float32), det_score=0.9996218681335449, embedding=array(
       [-0.34546676,  1.1150241 , -0.9411963 , -0.30512252, -1.3577061 ,
        0.63001406, -0.8477059 , -0.27381065,  0.6445459 ,  0.46991876,
       -0.7055348 , -0.2413329 , -0.0560381 , -0.09252347, -1.4278843 ,
       -0.30072892, -0.4394019 ,  0.20854889, -0.5144679 ,  0.15984221,
        0.67764586,  0.5022727 , -1.8267307 ,  2.1217124 , -0.1844853 ,
       -0.15026502, -0.27103522,  0.12649913, -0.6269389 , -0.37357283,
       -0.31320375, -0.46214473, -0.70414317,  0.41193444, -0.36130983,
        0.67485917,  0.805619  ,  0.07590936, -0.09767602,  0.2695099 ,
        0.9663853 , -1.3927637 , -1.5003862 ,  0.6396197 , -0.2649677 ,
        0.4095402 , -0.71612746, -1.7818121 ,  0.35944188, -0.378702  ,
       -0.31174448, -0.6040576 , -0.18106157, -0.15866674,  0.35577738,
       -0.06382531, -0.13888118,  0.40095448, -0.4201457 , -1.1191633 ,
       -0.1542108 , -1.3624943 ,  0.97132885,  0.56050164,  0.8846489 ,
        0.15513997, -0.51966166, -0.11715625,  0.4704955 , -1.2071873 ,
       -0.997441  , -0.44160762,  0.5875291 ,  0.8776199 ,  0.35012838,
       -0.61713666,  0.2882412 , -0.7139629 ,  1.1278666 ,  0.2458543 ,
       -0.405063  , -0.2216142 , -0.77460176,  0.21511504, -0.12216748,
       -0.05266498,  0.35917467, -0.2742055 , -0.18520427,  0.60196906,
        0.8068374 , -0.03594316, -0.27282155,  2.2147348 , -0.17324984,
        0.12899007,  0.12124925, -0.4923396 , -0.21094817,  0.5092429 ,
        2.066501  , -0.25128677,  0.3334787 ,  0.7302585 , -1.2144753 ,
       -1.0828671 ,  0.1066905 ,  0.03746566, -0.91067415,  0.54694   ,
        0.7301073 , -0.44779   ,  0.78738856,  1.2755232 ,  0.347737  ,
       -0.38870555,  0.7610161 ,  1.2045786 ,  0.3131807 , -1.3449355 ,
       -0.17726056,  0.13282609, -2.298668  , -0.7404022 , -1.8490261 ,
       -0.9399905 , -0.7396819 , -0.7935165 ,  0.33486032,  0.10349704,
        1.3753229 , -0.06495647, -0.25751796,  0.4322158 , -0.7616743 ,
        0.6111317 ,  0.623218  ,  0.40032044, -0.6215857 , -0.73931503,
        0.31275466, -0.00292468, -1.0691748 , -0.37070915, -0.13911408,
        0.66981536,  1.4285735 ,  0.33361137,  0.3123236 , -0.7178642 ,
        0.04514331,  0.08685838, -0.9536722 , -1.5249368 ,  1.3147422 ,
        0.35992348,  0.10214507,  0.6747921 ,  0.79214084, -0.55151254,
        1.20437   , -1.3314061 , -0.6621869 ,  0.43304747, -0.8211899 ,
        0.31304523,  0.30684084, -0.7375492 ,  0.40393275,  0.38496184,
       -0.33225232, -0.3809384 , -0.4478565 , -0.81490564,  0.0835439 ,
       -0.5728184 ,  0.2857109 ,  0.5508213 , -0.4952005 ,  0.17731912,
       -0.07286051,  0.20087682,  0.71892715,  0.30057484, -2.3121998 ,
       -0.6295568 ,  0.71524006, -0.4063095 , -0.530681  , -0.9917398 ,
       -0.49080762,  0.5990545 , -0.95781326, -0.944545  , -0.91262907,
        0.53987074, -0.9983521 ,  0.0450854 ,  0.3434543 , -0.35896784,
        0.09449536,  1.1802375 , -0.16336991, -0.15184125,  0.07059589,
        0.52637595,  0.77455384,  0.4540132 , -0.95365626, -1.6900632 ,
       -0.02572383,  1.1892536 , -0.5669177 , -0.6209848 , -0.03686797,
        1.0042857 ,  0.64230055,  0.58521384, -0.62160647,  0.8537645 ,
        0.3471964 , -0.26575762,  0.10030073,  0.10780496,  0.35215095,
        0.10412262, -0.56790036, -1.3048971 ,  1.4480581 ,  0.48275578,
        0.2950907 ,  0.5292753 ,  0.89398456, -0.5481531 ,  1.2628134 ,
       -0.2991101 , -0.02036753, -1.9373807 , -0.3405325 ,  0.9054935 ,
       -0.42475158,  0.63014305, -0.96665865, -0.9519846 ,  1.4237969 ,
       -0.47832817, -0.30231187, -0.7121623 ,  0.9777926 , -1.3774217 ,
       -0.56662226,  0.191523  ,  0.70432246,  1.6374097 ,  0.51838726,
       -0.8528791 , -0.496671  , -0.49355146,  0.75056   ,  0.04361033,
       -0.40738437, -0.39930022,  0.10274796, -0.02463495, -0.8529568 ,
        0.34722662, -1.1776751 ,  0.50132287,  1.0470672 ,  0.16141193,
        0.60165906,  0.09451326,  0.42241997, -0.26980448, -0.5504781 ,
        0.19373421,  0.02870072, -0.21738854, -0.42334622, -0.40241906,
        0.6523136 ,  0.56176424,  0.74471766, -0.2078059 ,  1.5036047 ,
        0.42449796, -0.47338793, -0.8237968 ,  0.36669415,  0.08282272,
       -0.01493588, -0.71577394, -0.5686555 , -0.40772998, -0.755936  ,
       -0.3272523 , -0.10151907, -1.0657663 ,  0.52786654,  1.7573978 ,
        0.58912057,  0.70378745, -0.77724737,  1.6082914 ,  0.7216106 ,
        0.5363564 ,  0.12804168, -0.7763387 , -0.8221561 , -0.24857906,
       -0.13204563, -0.19410947, -0.73890734,  0.06341058,  0.8020266 ,
        0.77345717, -0.74631786, -1.3607463 ,  0.54046375,  0.4919401 ,
       -1.4517386 ,  1.9958858 , -0.6180119 ,  0.42398798,  1.0658648 ,
        0.14463814,  0.11750841, -0.8253224 , -0.56113344,  0.23877914,
        0.003311  ,  1.2523857 , -1.2311602 ,  1.5857371 ,  0.5282513 ,
        2.344768  , -0.3458125 , -1.3835266 ,  0.6272967 ,  0.99853444,
        0.00640808,  0.30061796, -0.19095832, -2.0945597 ,  1.7480056 ,
       -1.4615653 ,  0.23807974, -0.8801968 , -0.7188008 , -0.11431818,
       -1.1494654 ,  0.20850706, -0.5511772 ,  0.5574366 , -0.86149246,
        1.0386854 , -0.7694531 ,  1.3253419 , -0.72587913,  0.26321357,
        1.49825   , -0.4398963 ,  0.6170974 , -0.2901026 ,  1.3915331 ,
        0.05787217,  1.6468916 , -0.21640687,  0.5033485 ,  1.1389794 ,
        0.25603536, -0.29971096, -0.43655995,  0.27034035,  0.47434238,
        0.35068706,  0.38079825,  0.6759405 , -0.3683792 , -0.241338  ,
        0.44360784, -0.51091737,  0.47497854,  0.09753775, -0.38265562,
        0.24915816,  0.6132023 , -0.5703242 , -0.1697719 , -0.42513826,
       -0.49413502,  1.4285079 ,  1.5662237 , -0.25741324, -0.48463905,
        1.1978053 , -1.1073865 , -0.88540035,  1.0431441 ,  0.3955258 ,
        0.0071433 , -1.1631093 , -0.37016463, -0.3477789 , -0.31489933,
        0.3774421 ,  0.858751  , -0.37494138,  0.66586345,  0.13310656,
       -0.1853509 , -0.6819975 , -1.8073713 ,  1.4789277 ,  0.68452567,
        0.8198502 , -1.6288253 , -1.3899125 , -0.00461904, -0.61561364,
        0.7061898 ,  0.44477051,  0.21361542,  1.2717444 ,  0.5303741 ,
       -0.6006615 ,  0.54901665,  0.9985367 ,  1.1696547 , -0.852788  ,
       -0.32732207,  0.5790891 , -0.321461  ,  0.5762004 , -0.03225061,
        0.31071523,  0.41869932, -0.44435072,  0.50017864, -0.05784552,
       -0.29148018, -1.4776088 , -1.3872992 ,  1.2483857 , -0.38788626,
       -0.64057994, -0.8463731 ,  0.5772562 ,  0.423764  , -0.04391715,
       -0.14805074, -0.6293339 , -0.9998836 ,  0.8633214 , -0.06586722,
        0.6788361 , -0.36224183, -0.09163658, -0.716779  ,  0.7605865 ,
        1.238368  ,  1.3100966 ,  0.2001905 ,  0.19070129, -0.5924508 ,
       -0.51634896, -0.66608256,  1.0179361 , -0.68305564, -1.0251813 ,
       -1.1682173 ,  0.54197085, -0.24920686, -0.24274036,  0.5546146 ,
        1.7210354 , -0.6236816 , -0.40820897, -0.49135605,  0.6935611 ,
       -0.55074036, -1.3121945 , -0.37761462,  0.19399683,  1.0814638 ,
       -0.7158275 , -0.3380263 , -0.06843678,  0.2885228 ,  0.5020183 ,
       -0.15650679, -0.31812885,  1.1026589 , -1.31063   , -0.31253153,
        0.16555803, -0.9316646 , -0.42588595,  0.28762746, -1.6770108 ,
        0.74790597,  1.3664716 ,  2.1692786 ,  0.49264568, -0.248064  ,
       -0.35602263,  0.82646877,  0.01994782, -0.28072718,  0.3273748 ,
       -0.23874748,  1.6787345 ], dtype=float32), gender=0, age=45, embedding_norm=17.730303, normed_embedding=array(
       [-0.01948454,  0.06288805, -0.05308405, -0.0172091 , -0.07657546,
        0.03553318, -0.04781114, -0.01544309,  0.03635279,  0.02650371,
       -0.0397926 , -0.01361132, -0.00316058, -0.00521838, -0.08053356,
       -0.0169613 , -0.02478254,  0.01176229, -0.02901631,  0.0090152 ,
        0.03821965,  0.02832849, -0.10302874,  0.11966589, -0.01040509,
       -0.00847504, -0.01528655,  0.00713463, -0.03535974, -0.02106974,
       -0.01766489, -0.02606525, -0.03971411,  0.02323336, -0.0203781 ,
        0.03806247,  0.04543741,  0.00428133, -0.00550899,  0.01520052,
        0.05450473, -0.07855273, -0.08462271,  0.03607494, -0.01494434,
        0.02309832, -0.04039003, -0.1004953 ,  0.02027274, -0.02135903,
       -0.01758258, -0.03406922, -0.01021198, -0.0089489 ,  0.02006606,
       -0.00359979, -0.00783298,  0.02261408, -0.02369648, -0.0631215 ,
       -0.00869758, -0.07684552,  0.05478355,  0.03161264,  0.04989474,
        0.00874999, -0.02930924, -0.00660768,  0.02653624, -0.06808611,
       -0.05625629, -0.02490694,  0.033137  ,  0.0494983 ,  0.01974746,
       -0.03480689,  0.01625698, -0.04026795,  0.06361237,  0.01386633,
       -0.0228458 , -0.01249918, -0.04368802,  0.01213262, -0.00689032,
       -0.00297034,  0.02025767, -0.01546536, -0.01044563,  0.03395143,
        0.04550612, -0.00202722, -0.0153873 ,  0.1249124 , -0.0097714 ,
        0.00727512,  0.00683853, -0.02776826, -0.01189761,  0.02872161,
        0.11655192, -0.01417273,  0.0188084 ,  0.04118703, -0.06849715,
       -0.06107437,  0.00601741,  0.00211309, -0.05136258,  0.03084775,
        0.0411785 , -0.02525563,  0.0444092 ,  0.0719403 ,  0.01961258,
       -0.02192323,  0.04292177,  0.06793898,  0.01766359, -0.0758552 ,
       -0.00999761,  0.00749147, -0.12964629, -0.04175914, -0.10428621,
       -0.05301604, -0.04171852, -0.04475482,  0.01888633,  0.0058373 ,
        0.07756906, -0.00366359, -0.01452417,  0.02437724, -0.0429589 ,
        0.03446821,  0.03514988,  0.02257832, -0.03505782, -0.04169782,
        0.01763956, -0.00016495, -0.06030212, -0.02090823, -0.00784612,
        0.037778  ,  0.08057243,  0.01881589,  0.01761524, -0.04048798,
        0.00254611,  0.00489887, -0.0537877 , -0.08600737,  0.07415227,
        0.02029991,  0.00576104,  0.03805869,  0.04467723, -0.03110565,
        0.06792721, -0.07509212, -0.03734775,  0.02442414, -0.04631561,
        0.01765594,  0.01730601, -0.04159823,  0.02278206,  0.02171209,
       -0.01873924, -0.02148516, -0.02525938, -0.04596118,  0.00471193,
       -0.03230731,  0.01611427,  0.03106666, -0.02792961,  0.01000091,
       -0.00410938,  0.01132958,  0.04054793,  0.01695261, -0.1304095 ,
       -0.03550739,  0.04033998, -0.0229161 , -0.02993074, -0.05593473,
       -0.02768185,  0.03378704, -0.05402126, -0.05327292, -0.05147284,
        0.03044904, -0.05630767,  0.00254284,  0.01937103, -0.02024601,
        0.0053296 ,  0.06656612, -0.00921416, -0.00856394,  0.00398165,
        0.02968793,  0.04368531,  0.02560662, -0.0537868 , -0.0953206 ,
       -0.00145084,  0.06707463, -0.03197451, -0.03502392, -0.00207938,
        0.05664233,  0.03622615,  0.03300642, -0.03505899,  0.04815284,
        0.01958209, -0.01498889,  0.00565702,  0.00608027,  0.01986153,
        0.00587258, -0.03202993, -0.073597  ,  0.08167137,  0.02722772,
        0.0166433 ,  0.02985145,  0.05042128, -0.03091617,  0.07122345,
       -0.01686999, -0.00114874, -0.10926946, -0.01920624,  0.05107039,
       -0.02395625,  0.03554046, -0.05452015, -0.05369252,  0.08030302,
       -0.026978  , -0.01705058, -0.04016639,  0.05514811, -0.07768743,
       -0.03195785,  0.01080202,  0.03972422,  0.09235092,  0.02923736,
       -0.04810291, -0.02801255, -0.02783661,  0.04233205,  0.00245965,
       -0.02297673, -0.02252078,  0.00579505, -0.00138943, -0.04810729,
        0.0195838 , -0.06642161,  0.02827492,  0.05905523,  0.00910373,
        0.03393394,  0.00533061,  0.02382475, -0.01521714, -0.0310473 ,
        0.01092673,  0.00161874, -0.01226085, -0.02387699, -0.02269668,
        0.03679089,  0.03168385,  0.04200254, -0.01172038,  0.08480423,
        0.02394195, -0.02669937, -0.04646265,  0.02068178,  0.00467125,
       -0.00084239, -0.04037009, -0.03207252, -0.02299622, -0.04263526,
       -0.01845723, -0.00572574, -0.06010988,  0.029772  ,  0.09911831,
        0.03322676,  0.03969404, -0.04383723,  0.09070863,  0.04069928,
        0.03025083,  0.00722163, -0.04378598, -0.04637011, -0.01402001,
       -0.00744745, -0.01094789, -0.04167483,  0.0035764 ,  0.0452348 ,
        0.04362346, -0.04209279, -0.07674693,  0.03048249,  0.02774573,
       -0.08187895,  0.11256919, -0.03485625,  0.02391318,  0.06011543,
        0.00815768,  0.00662755, -0.04654869, -0.03164827,  0.01346729,
        0.00018674,  0.07063533, -0.06943819,  0.08943655,  0.0297937 ,
        0.13224636, -0.01950404, -0.07803175,  0.03537992,  0.05631796,
        0.00036142,  0.01695504, -0.01077017, -0.11813445,  0.09858859,
       -0.08243318,  0.01342784, -0.04964364, -0.04054081, -0.00644762,
       -0.06483056,  0.01175993, -0.03108673,  0.03143977, -0.0485887 ,
        0.0585825 , -0.04339763,  0.0747501 , -0.04094003,  0.01484541,
        0.08450222, -0.02481042,  0.03480467, -0.01636196,  0.07848333,
        0.00326403,  0.0928857 , -0.01220548,  0.02838917,  0.06423914,
        0.01444055, -0.01690388, -0.02462225,  0.01524736,  0.0267532 ,
        0.01977897,  0.02147726,  0.03812346, -0.02077681, -0.01361161,
        0.02501976, -0.02881605,  0.02678908,  0.00550119, -0.02158201,
        0.01405267,  0.03458498, -0.03216663, -0.00957524, -0.02397806,
       -0.02786952,  0.08056872,  0.08833598, -0.01451827, -0.02733394,
        0.06755695, -0.06245728, -0.04993713,  0.05883397,  0.0223079 ,
        0.00040289, -0.06560008, -0.02087751, -0.01961494, -0.01776052,
        0.02128797,  0.04843409, -0.02114693,  0.03755511,  0.00750729,
       -0.0104539 , -0.03846508, -0.10193685,  0.08341244,  0.03860767,
        0.04624006, -0.09186675, -0.07839192, -0.00026052, -0.03472099,
        0.03982954,  0.02508533,  0.01204804,  0.07172716,  0.02991343,
       -0.03387768,  0.03096488,  0.05631809,  0.06596924, -0.04809777,
       -0.01846117,  0.03266098, -0.0181306 ,  0.03249806, -0.00181895,
        0.01752453,  0.0236149 , -0.02506165,  0.02821038, -0.00326252,
       -0.01643966, -0.08333804, -0.07824453,  0.07040972, -0.02187702,
       -0.0361291 , -0.04773596,  0.03255761,  0.02390055, -0.00247695,
       -0.00835015, -0.03549482, -0.05639405,  0.04869186, -0.00371495,
        0.03828678, -0.02043066, -0.00516836, -0.04042678,  0.04289755,
        0.06984472,  0.07389025,  0.01129087,  0.01075567, -0.03341459,
       -0.0291224 , -0.03756747,  0.05741222, -0.03852476, -0.05782086,
       -0.06588817,  0.03056749, -0.01405542, -0.01369071,  0.03128061,
        0.09706745, -0.03517603, -0.02302324, -0.02771278,  0.03911727,
       -0.0310621 , -0.07400858, -0.0212977 ,  0.01094154,  0.06099522,
       -0.04037311, -0.01906489, -0.00385988,  0.01627286,  0.02831414,
       -0.00882708, -0.01794266,  0.06219064, -0.07392034, -0.01762697,
        0.00933757, -0.05254646, -0.02402023,  0.01622237, -0.09458444,
        0.04218236,  0.07706984,  0.12234865,  0.02778552, -0.01399096,
       -0.0200799 ,  0.04661335,  0.00112507, -0.01583319,  0.01846414,
       -0.01346551,  0.09468167], dtype=float32))