C:\ProgramData\Anaconda3\envs\PersonHJR\python.exe C:/Users/user/PycharmProjects/PersonHJR/faceAnalysis/insightfaceDemo.py
[21:18:46] C:\Jenkins\workspace\mxnet\mxnet\src\nnvm\legacy_json_util.cc:209: Loading symbol saved by previous version v1.3.0. Attempting to upgrade...
[21:18:46] C:\Jenkins\workspace\mxnet\mxnet\src\nnvm\legacy_json_util.cc:217: Symbol successfully upgraded!
[32, 16, 8] {'32': {'SCALES': (32, 16), 'BASE_SIZE': 16, 'RATIOS': (1.0,), 'ALLOWED_BORDER': 9999}, '16': {'SCALES': (8, 4), 'BASE_SIZE': 16, 'RATIOS': (1.0,), 'ALLOWED_BORDER': 9999}, '8': {'SCALES': (2, 1), 'BASE_SIZE': 16, 'RATIOS': (1.0,), 'ALLOWED_BORDER': 9999}}
use_landmarks True
[21:18:47] C:\Jenkins\workspace\mxnet\mxnet\src\nnvm\legacy_json_util.cc:209: Loading symbol saved by previous version v1.0.0. Attempting to upgrade...
[21:18:47] C:\Jenkins\workspace\mxnet\mxnet\src\nnvm\legacy_json_util.cc:217: Symbol successfully upgraded!
[21:18:49] C:\Jenkins\workspace\mxnet\mxnet\src\nnvm\legacy_json_util.cc:209: Loading symbol saved by previous version v1.3.0. Attempting to upgrade...
[21:18:49] C:\Jenkins\workspace\mxnet\mxnet\src\nnvm\legacy_json_util.cc:217: Symbol successfully upgraded!
Face [0]:
	 age:27
	 gender:Male
	 det_score:0.9987280964851379
	 embedding shape:512
	 embedding embedding_norm:19.275599
	 embedding normed_embedding:
[-3.67250890e-02  2.09049210e-02 -2.50231810e-02  3.67697105e-02
  3.49157564e-02  8.39578435e-02  8.70755017e-02  4.73119579e-02
 -8.35547969e-03  9.31345578e-03  1.66062601e-02  2.46408526e-02
 -5.81077347e-03  7.30948159e-05 -2.70431582e-02  6.42988905e-02
  7.90116414e-02  8.82486720e-03 -7.50621781e-02 -5.66217452e-02
 -4.07181606e-02  8.09184760e-02  2.43577082e-03 -1.04379632e-01
 -6.06455514e-03  5.78556350e-03  3.84108126e-02  9.51558277e-02
  2.29317378e-02  7.10102618e-02  3.83855589e-02  3.23694050e-02
  8.43270421e-02  2.11158004e-02  3.32138501e-02  4.35808674e-02
 -3.88570987e-02  3.72531712e-02  2.97662225e-02 -4.28793840e-02
  1.97326522e-02  2.05001719e-02  5.01917442e-04  4.51693833e-02
  7.87942708e-02  3.06805782e-02 -1.11773033e-02 -9.68320668e-03
 -4.97203805e-02  1.27497211e-01 -1.88706629e-02 -5.65299727e-02
  3.86910257e-03  4.69039306e-02 -1.82344124e-03 -1.73564218e-02
 -7.63051361e-02 -8.55528191e-02 -9.41400044e-03  3.37191857e-02
  4.44856994e-02 -2.03224597e-03  3.01297922e-02 -9.91379023e-02
 -5.79713285e-03 -2.06195433e-02  3.39113809e-02  1.37358354e-02
 -4.19951156e-02  9.58273374e-03  3.83518189e-02 -2.74175331e-02
  2.05571707e-02  2.14805324e-02  1.09529793e-02 -3.39950882e-02
  3.13485553e-03  3.85127552e-02  3.48393805e-02  2.76056584e-02
 -3.80314328e-02 -1.24600278e-02 -1.88449696e-02 -2.92284116e-02
 -7.77857974e-02  9.10850428e-03  2.40956638e-02 -4.22807708e-02
 -4.22450043e-02 -2.18979791e-02  4.91520837e-02  4.69429418e-02
  2.19180137e-02  2.39355490e-02 -1.73991416e-02 -7.94492103e-03
 -3.92414220e-02 -5.47640659e-02  1.44907115e-02  4.41088006e-02
  3.35232913e-02 -4.05421704e-02 -4.73119318e-02 -6.53020516e-02
 -2.62670107e-02  1.32142259e-02 -1.02007459e-03 -4.52234037e-02
 -2.74178144e-02 -6.28121942e-03  1.12867646e-01  4.36962545e-02
  7.30660185e-02  9.36979149e-03  1.79663915e-02 -3.87435779e-02
 -3.00475173e-02 -5.67308888e-02  2.37647593e-02  2.24299338e-02
  6.94152117e-02 -3.45791050e-04 -3.53260413e-02  8.82444624e-03
  2.74714292e-03 -3.02547459e-02 -2.34906077e-02  2.95366123e-02
  3.29165347e-02  1.22645218e-02  7.26099766e-04 -3.00649609e-02
  1.98835190e-02 -1.01839034e-02  4.40781415e-02  1.07999677e-02
  2.43713297e-02  1.45051247e-02  6.32614456e-03 -2.24514008e-02
 -7.88949430e-02  7.65079781e-02 -5.02033085e-02  6.52744323e-02
 -1.04192607e-01 -6.60710558e-02  1.51162408e-02 -4.86489870e-02
  4.33815718e-02 -2.39632428e-02 -6.72889799e-02  1.99043080e-02
 -7.97683895e-02  6.33099526e-02  2.04738230e-02 -6.07193112e-02
 -4.23472710e-02 -5.76735139e-02 -4.73907292e-02 -6.56128116e-03
 -2.01157276e-02 -3.40151079e-02 -1.49291875e-02 -1.01702228e-01
  2.19013002e-02 -3.02112345e-02  3.16636898e-02 -2.74232589e-02
 -1.22429337e-02 -4.52856980e-02 -8.90392344e-03 -2.86425948e-02
 -2.57851928e-02  3.76287028e-02 -2.54244991e-02 -4.94359760e-04
  2.44826730e-02 -3.32793929e-02 -2.18271464e-02  4.74463254e-02
 -3.26199755e-02  5.59610024e-04 -3.20390686e-02  2.32165568e-02
  9.57223494e-03  7.27866963e-02 -2.83722226e-02  3.35942879e-02
  5.51764928e-02 -2.59904023e-02  2.10450944e-02 -5.90958856e-02
 -7.89544266e-03  1.06287049e-02  1.91407539e-02  1.68301817e-02
  7.52560273e-02 -6.10280149e-02  2.68026982e-02 -4.37895767e-02
 -1.69045161e-02 -5.75632192e-02 -1.07528716e-02 -1.01221696e-01
 -9.48492512e-02 -7.22563565e-02 -4.29827347e-02 -2.22235564e-02
  7.38509521e-02  4.99391221e-02 -7.28121353e-03 -1.88361462e-02
  8.92955288e-02 -2.54129041e-02 -3.25997323e-02  4.38138377e-03
 -7.70051852e-02  9.27067250e-02 -1.04297847e-02 -8.18491802e-02
 -7.33457331e-04  1.20470840e-02  2.66205054e-04  1.35976374e-02
  5.13052903e-02  1.28343003e-02  3.88674028e-02 -9.88230258e-02
  3.23005840e-02  3.67941409e-02  7.59992003e-02 -2.62176562e-02
  4.13778089e-02 -2.85133775e-02  7.57474825e-02  3.29055488e-02
 -3.08698788e-02  1.13863656e-02  2.83633005e-02 -6.36143759e-02
 -2.64729410e-02  1.07818944e-02 -2.47303839e-03  4.38846499e-02
  4.47659865e-02 -7.81431273e-02  3.86186428e-02  9.96155571e-03
  2.32881159e-02 -8.14075693e-02 -6.84072822e-02 -2.05051415e-02
  7.69132599e-02 -8.23744386e-02 -6.05483167e-03  2.05335040e-02
 -6.99338317e-02 -5.45757338e-02  8.85972753e-03  1.64631065e-02
  5.95492423e-02 -8.31559673e-03 -3.85769010e-02  2.61095893e-02
  8.53715912e-02 -2.64991261e-02  4.82063480e-02  2.25892793e-02
 -9.25744977e-03 -4.03980985e-02 -7.30738277e-04  3.05645131e-02
  3.14341523e-02 -5.11203855e-02 -1.03223668e-02 -6.90115208e-04
  5.18822409e-02  1.98477991e-02  1.48716811e-02 -2.39835903e-02
 -8.57694820e-03 -5.46825631e-03  3.61005962e-02  5.05431369e-02
 -6.11203276e-02  4.72141989e-02 -4.33159135e-02  2.02312917e-02
  5.44911576e-03  3.51041369e-02  5.27511649e-02 -5.30186072e-02
  5.13026975e-02  1.48579208e-02 -2.26603705e-03  3.13993394e-02
 -3.70671712e-02 -5.56075536e-02 -9.80510493e-04  5.70867024e-03
 -6.24113195e-02 -3.78923863e-02  2.60578617e-02 -6.89455122e-02
 -3.33873257e-02  8.23966414e-02  6.28974959e-02  1.82617679e-02
 -4.57264595e-02  4.38794382e-02  5.60572147e-02 -2.80031953e-02
 -2.40838993e-03  5.07240519e-02 -1.75748989e-02  6.41733110e-02
 -2.93299183e-02 -4.79554437e-04 -2.04164702e-02 -7.67085254e-02
 -5.07967547e-02  4.44623046e-02 -2.52289250e-02 -7.65710399e-02
 -1.65685378e-02 -6.54427707e-03 -3.48184481e-02  1.81604903e-02
 -3.99677828e-02 -3.02259196e-02  5.90793369e-03  3.47811393e-02
  1.74075458e-02  5.01452237e-02 -2.11837105e-02  4.37095389e-02
  7.20818015e-03 -4.01292145e-02 -1.00595541e-01  1.93103459e-02
  3.99253257e-02 -1.53967515e-02 -8.40373859e-02 -6.95472360e-02
 -1.15011528e-01 -4.53029163e-02  1.04138264e-02 -3.77065444e-05
 -1.98356248e-03 -6.76174983e-02 -2.94047277e-02 -5.52826487e-02
  9.21682939e-02  6.63008483e-04  6.29236773e-02  5.79571947e-02
 -3.78558189e-02 -3.20361741e-02 -1.09414244e-02  2.31439695e-02
 -1.11185513e-01  3.77506204e-02  5.63178845e-02 -4.57969047e-02
 -4.50734757e-02  4.31834459e-02  8.78182799e-03 -1.00681623e-02
  8.97231419e-03  6.97881728e-02  6.00629374e-02 -2.20303796e-02
  9.08759236e-03 -3.89143415e-02  1.45039307e-02  7.77050108e-02
  1.64087210e-02 -3.50470878e-02  1.74682289e-02 -2.68468000e-02
 -1.02506799e-03  1.54702803e-02 -2.47063804e-02 -6.58710599e-02
 -6.39446825e-02  1.28117176e-02  6.84266072e-03 -1.92925369e-03
  4.89340127e-02 -1.93499662e-02  8.08683261e-02 -2.41538472e-02
 -2.62015369e-02 -3.67182703e-03 -4.77047302e-02  9.95776337e-03
 -2.36560497e-02  2.50373445e-02 -3.54215391e-02  1.24702267e-02
  2.64313426e-02  5.33680655e-02 -1.92068163e-02 -4.10377834e-04
  5.96208349e-02 -2.04884186e-02  6.68666139e-02 -2.11398844e-02
  4.34785746e-02 -3.70137393e-02 -1.11952880e-02  1.31464759e-02
  1.08934380e-01  1.19444460e-01 -2.68538501e-02 -8.44039619e-02
  3.27750780e-02 -3.24357152e-02  4.91441507e-03  7.69424625e-03
 -3.40562463e-02 -2.00898647e-02 -5.04300147e-02 -3.42701189e-02
  2.26464923e-02  1.20347282e-02  7.13391453e-02 -2.84404494e-02
  4.37632389e-02  7.43135065e-02 -9.11449268e-02 -1.87257156e-02
  1.61127951e-02 -3.01127881e-02 -3.92000079e-02 -5.77688171e-03
 -7.99143221e-03  2.35669594e-02 -7.85912797e-02 -1.80314016e-02
  1.79050844e-02  1.35281850e-02 -4.01915424e-02  6.24605380e-02
 -1.30697330e-02  1.29689218e-03 -6.59748465e-02 -1.43637890e-02
  6.32474292e-03 -9.46128517e-02  4.96822558e-02 -1.60914008e-02
 -1.18647877e-03  1.08580850e-03  7.20459688e-03  2.07247268e-02
  9.70674604e-02  4.38226126e-02 -6.21045083e-02  9.55013633e-02
 -2.98349485e-02 -5.72422743e-02 -5.76833785e-02 -5.33055551e-02
  9.78089590e-03 -1.40388049e-02 -7.67303333e-02  6.90829754e-02
  3.82429771e-02  1.22312782e-03 -1.35677988e-02  4.02707607e-02
  1.03456825e-02 -3.76081355e-02  1.49831735e-02  1.54408216e-02
  7.87789673e-02 -4.53558750e-02  1.28823016e-02 -2.75498559e-03
  1.12070353e-03 -3.04880515e-02 -3.10239363e-02  2.16055978e-02
  4.30005277e-03 -6.05416624e-03 -2.21013054e-02 -5.88209778e-02
 -6.81296438e-02 -4.65244278e-02  1.70560367e-02 -8.96877982e-03
 -1.73910339e-05 -3.28889349e-03 -2.50044223e-02 -5.29391989e-02
  5.91079369e-02 -5.59447072e-02 -4.53502312e-02  2.77077761e-02
  2.82040704e-02 -3.70380888e-03 -1.65052339e-02  2.41923910e-02
 -2.68184394e-02  9.98751726e-03 -6.19618595e-02  6.34969026e-03
  5.90036996e-02 -6.43418729e-02 -3.92243452e-02 -5.94293047e-03]
	 bbox:[529  76 601 169]
	 landmark:[544 120 577 111 564 131 555 149 582 142]
##############################################################################
Face [1]:
	 age:10
	 gender:Female
	 det_score:0.9986523985862732
	 embedding shape:512
	 embedding embedding_norm:22.802141
	 embedding normed_embedding:
[-6.59407973e-02 -2.61782832e-03  5.54664508e-02  4.26987186e-02
 -6.14167862e-02 -2.38771159e-02 -5.24669029e-02 -2.79849600e-02
 -3.70806106e-03  2.11317986e-02 -8.97044316e-03  2.61882171e-02
  8.27361830e-03 -5.46642095e-02  9.35230777e-03  4.16454487e-02
 -6.67816922e-02 -5.25738299e-02  6.82551563e-02  9.25280228e-02
 -4.69415635e-02 -3.10458392e-02 -3.97063456e-02 -3.97131369e-02
 -9.16365162e-03  8.81773233e-02  5.72540462e-02  4.85582054e-02
  1.29225450e-02 -9.64324921e-02 -2.39617948e-04  8.46887100e-03
  8.05113092e-03  5.38396984e-02  1.68525912e-02 -1.25863468e-02
  2.71158237e-02  3.37967090e-02  5.80510870e-02 -2.82278657e-02
  1.16583528e-02  8.73049069e-03 -8.55812207e-02 -4.30393890e-02
  1.43542280e-02 -3.85794751e-02  1.54499328e-02  7.87428021e-03
  7.51721021e-03  2.09357683e-03  4.26584929e-02 -7.97468275e-02
 -1.05937654e-02  3.17786001e-02 -8.03364664e-02  2.75868755e-02
 -4.53013144e-02 -5.73146790e-02 -2.23323852e-02 -5.15133478e-02
 -6.02596104e-02 -1.79563798e-02 -3.95942926e-02  3.44809331e-02
  4.31456305e-02  9.17559396e-03  1.95343699e-02 -2.68944670e-02
 -2.99966317e-02 -3.70693021e-02 -8.17879848e-03 -7.72474241e-03
 -2.56983694e-02 -5.29738776e-02  6.14804178e-02  3.25065292e-02
  5.09915352e-02  7.12895207e-03  5.99362515e-02  4.61742096e-02
  2.38033030e-02 -2.10130773e-02 -1.56989950e-03 -1.65377613e-02
  3.54006514e-02 -5.50700799e-02 -2.17869356e-02  8.43714103e-02
 -4.11334410e-02 -3.19885798e-02  7.48138577e-02 -1.00052021e-02
 -6.95504919e-02 -1.77938435e-02  5.04164770e-03  3.75582799e-02
  9.17215645e-03  4.43833619e-02 -6.06644861e-02 -6.11829013e-03
 -3.72444466e-02 -6.35201335e-02 -2.41534133e-02 -3.20671871e-02
 -2.49875598e-02  5.30030206e-02  2.00037230e-02 -6.51557073e-02
  1.05251268e-01 -3.78839299e-02  5.04042953e-02  4.31937305e-03
  2.49678101e-02 -4.49546091e-02  4.07371372e-02 -4.81494330e-02
  1.04344204e-01 -5.84896579e-02 -2.60857493e-03  4.83734012e-02
  2.40211226e-02  3.54832560e-02  7.37182796e-02  7.30366400e-03
  1.53561980e-02  9.73466560e-02 -4.30753715e-02  2.66801240e-03
  4.61812019e-02 -3.38938870e-02 -3.93490680e-02  1.20919407e-03
 -5.57420738e-02  2.83483341e-02  4.39890055e-03  1.90972071e-02
 -1.26774218e-02  2.33270954e-02 -3.65965515e-02  4.91644777e-02
 -2.95742229e-03 -8.16680118e-02  5.29255420e-02  3.60803343e-02
  6.51672035e-02 -2.70768832e-02 -3.99309471e-02 -4.61960211e-02
  5.82730733e-02  8.51412937e-02  7.21085598e-05  3.62154432e-02
  3.04667559e-02  7.60869011e-02  5.94600104e-03  7.89585151e-03
  2.54004467e-02 -1.88678242e-02 -2.64233109e-02  2.29868256e-02
 -9.00012627e-03 -3.70061547e-02 -8.28511734e-03  3.01526971e-02
 -9.84264445e-03 -2.79709175e-02 -4.19939160e-02 -2.35334840e-02
  1.45270862e-02  6.27955236e-03  5.09838909e-02  3.34418602e-02
  1.23947980e-02  2.43457928e-02 -3.17825340e-02  1.33703090e-02
  5.62404841e-02 -1.58048198e-02  8.73361602e-02 -3.62987374e-03
 -1.48634678e-02  2.09887959e-02  9.23455805e-02  5.52676767e-02
 -3.02982163e-02 -1.23484926e-02 -6.86161080e-03 -4.25767303e-02
  1.67947100e-03  8.76912265e-04 -2.17942521e-02 -6.16908222e-02
  5.18670632e-03  1.47929061e-02 -4.69727032e-02 -3.30935158e-02
  4.18198444e-02  1.11344680e-01  2.93744821e-03  2.36631408e-02
 -8.52295533e-02 -4.38057482e-02 -6.31447956e-02  7.63920993e-02
 -3.41736302e-02  3.66714410e-02  3.34276147e-02  2.46169716e-02
 -7.63207674e-02 -7.07432851e-02  1.53774675e-02  7.19205244e-03
 -1.98713411e-02 -1.59311816e-02 -9.40297171e-02  1.10888341e-03
  4.92694713e-02 -2.21646447e-02  8.66033733e-02 -6.98277578e-02
 -1.63516644e-02  4.06132825e-02  4.25396254e-03 -3.41571309e-02
  2.03734562e-02  4.21106033e-02  3.76998447e-02 -1.89915281e-02
 -2.89753396e-02  4.26988043e-02 -7.63802454e-02  2.54758708e-02
  4.44580875e-02 -3.92415710e-02 -6.70378134e-02 -2.11806893e-02
 -4.74233739e-02 -2.52531422e-03 -3.81720252e-02 -9.07865912e-02
 -3.45982239e-02 -1.40265943e-02 -1.38748335e-02 -1.56075191e-02
  1.05924979e-01 -4.62212674e-02  1.27900969e-02 -3.27211544e-02
 -1.54609457e-02  1.99462213e-02 -2.57205330e-02  1.12785050e-03
 -1.93902832e-02  1.24822033e-03  3.17971893e-02  3.36719863e-02
 -8.42127576e-03 -2.07272153e-02  7.85243809e-02  4.82519157e-03
  4.35907133e-02  1.03868237e-02 -5.10779843e-02  1.90128107e-02
 -3.50449532e-02  6.85821846e-02  3.29632424e-02  3.96728069e-02
  4.37749065e-02  1.01842664e-01  2.71569435e-02  1.81889476e-03
  1.38755264e-02  1.04643628e-02  2.34749597e-02  4.02620696e-02
  7.15399832e-02 -1.06261693e-01  1.90165956e-02  7.46055786e-03
  2.40398720e-02 -1.45177934e-02  6.53739423e-02  3.79415676e-02
 -6.26039356e-02  2.46037003e-02  5.81135936e-02 -1.72517169e-02
  4.65604328e-02 -1.12848794e-02 -5.76473400e-02 -4.27896157e-02
 -7.18866959e-02 -2.99593024e-02  2.68407837e-02 -2.73926891e-02
 -6.96679726e-02  2.86076311e-02  7.69879762e-03  6.89746961e-02
  3.80104817e-02  4.81715836e-02  5.69759645e-02 -9.82619673e-02
 -5.09878360e-02 -3.39032933e-02 -2.73141004e-02 -6.78176954e-02
 -1.01938099e-03  7.21367896e-02  4.29999717e-02 -1.72246285e-02
  5.78207895e-02 -5.29654473e-02  7.57941743e-03  2.78872065e-02
 -1.79626019e-04  1.07079307e-02  1.05616234e-01  1.70836207e-02
  4.78431582e-02 -9.04895458e-03 -4.78749536e-02 -1.03492074e-01
  8.66109803e-02  2.10995767e-02 -2.40231194e-02  5.01955301e-02
 -6.55063689e-02  7.47713000e-02  1.26441121e-02 -3.26601192e-02
 -4.31603454e-02 -1.57131609e-02 -6.63185194e-02 -6.12027571e-03
 -3.22548710e-02 -3.10034528e-02 -1.75123420e-02 -1.32833458e-02
 -7.94011131e-02  1.57392789e-02  2.63866056e-02 -2.00401451e-02
  4.51033842e-03 -3.17938067e-02  4.98137996e-02 -7.87384622e-03
 -1.40387071e-02  1.51331695e-02 -8.95845611e-03  7.32882619e-02
  5.48473150e-02  2.33413372e-02 -1.96141694e-02  5.03910473e-03
 -1.58530697e-02  5.51925227e-02  3.97832086e-03 -4.30353731e-02
  3.24732475e-02 -3.28558311e-02 -2.21032575e-02 -5.91598125e-03
 -2.32684333e-02  5.54690370e-03  1.02445791e-02  5.63272387e-02
 -1.91710889e-02 -2.04755291e-02  8.59516114e-03  1.39047625e-02
  4.22663689e-02 -6.08798414e-02 -8.21212903e-02  7.73166716e-02
 -5.26352134e-03 -2.29589772e-04  2.10818672e-03 -4.54396568e-02
  4.27047275e-02  6.07049912e-02 -4.73580949e-05  2.71057338e-02
 -1.17675913e-02  3.13806953e-03  8.66437182e-02 -1.06376968e-02
 -4.37781401e-02  2.36454289e-02  1.42123774e-02 -1.45831015e-02
 -2.49956008e-02  4.29937951e-02 -2.91010831e-02 -1.84648428e-02
 -7.98408315e-02 -7.74224102e-02  4.92127910e-02  7.71853328e-03
  2.48172246e-02 -2.43049804e-02  8.45683590e-02  1.92104112e-02
  1.80610605e-02  1.70687772e-02 -6.29567876e-02 -9.28772762e-02
 -2.53379680e-02  1.17699757e-01  4.40536775e-02  2.42082737e-02
 -5.21642491e-02  3.46920500e-03  1.61384493e-02  2.59001516e-02
 -3.07734665e-02 -7.40252493e-04 -5.49122468e-02  1.85001623e-02
 -7.61411414e-02 -1.09871197e-02 -8.00651088e-02  5.61520271e-02
 -2.56995875e-02  8.26125219e-02 -2.80681401e-02  3.88609543e-02
 -3.73433195e-02 -6.60055643e-03  1.19768064e-02  1.53183285e-02
 -2.66006887e-02 -1.24142214e-03  3.81354569e-03  6.49956837e-02
  2.02315208e-03  9.42578688e-02 -9.09083057e-03 -5.59199974e-02
 -6.87679350e-02  7.11614266e-02 -2.43093669e-02 -3.52929756e-02
 -1.79233740e-03 -1.97471380e-02 -2.24034884e-03  3.41941533e-03
  1.33979186e-01 -4.06996673e-03  9.77043360e-02 -4.39041294e-02
 -1.43694121e-03 -5.43882772e-02  5.25756329e-02  1.13684582e-02
  7.86568783e-03 -2.09060521e-03 -1.95042193e-02 -4.87407558e-02
 -3.11467443e-02  7.59518296e-02 -3.86673585e-02 -3.15416744e-03
  3.07642110e-02 -1.02959245e-01 -1.97904911e-02 -1.60794370e-02
  1.71648581e-02 -7.53758533e-04  2.02247160e-04 -8.23012888e-02
 -6.13674298e-02  3.92205901e-02 -1.08830005e-01 -3.96064594e-02
 -3.03348098e-02  9.31537803e-03 -3.23016606e-02 -4.68539745e-02
  2.69448245e-03  4.18756437e-03 -1.50041971e-02 -3.65568995e-02
 -4.25378047e-02 -1.91022269e-02 -3.06318998e-02 -2.56461557e-02
 -4.57617380e-02  2.62950966e-03  4.47441917e-03 -9.54569802e-02
  4.67222388e-04  6.57754689e-02 -3.11501399e-02 -1.94179378e-02
 -3.21606770e-02 -1.64337233e-02  4.94435020e-02  1.06018856e-02
 -6.66355044e-02 -3.47824693e-02  4.03881557e-02 -4.29393388e-02
 -4.80274856e-02 -2.25470569e-02 -1.35596143e-02  2.02298947e-02
 -1.18515948e-02  9.44981817e-03 -6.07255623e-02 -2.77688876e-02]
	 bbox:[365 142 437 237]
	 landmark:[389 180 423 182 408 199 389 211 419 212]
##############################################################################
Face [2]:
	 age:1
	 gender:Male
	 det_score:0.9934357404708862
	 embedding shape:512
	 embedding embedding_norm:26.638187
	 embedding normed_embedding:
[ 0.04427935  0.05994406 -0.02340097  0.09812396 -0.06112458 -0.01572514
 -0.00975527  0.030208    0.03631855  0.04619059 -0.01174587  0.04251931
 -0.02051783  0.00693525  0.04593907 -0.0335037   0.04880856  0.03642824
  0.01096378 -0.0230952   0.03162779 -0.08418407  0.00590679 -0.03682038
  0.07568979 -0.00454233  0.00407038 -0.00036772  0.06769052 -0.00275879
 -0.001201    0.06754166  0.03670196  0.02355198  0.02625484  0.08441519
  0.00844273  0.05266871  0.10588797  0.03610973 -0.01329873  0.06966373
 -0.04113583 -0.01528122 -0.02488462 -0.02354055 -0.0597112  -0.01297918
  0.03094004  0.06523258 -0.02903162 -0.04627236  0.02263401  0.06924993
 -0.05437412  0.03360439 -0.00301702 -0.07754826  0.07101788  0.00693671
  0.03877548  0.00349808 -0.04776444 -0.06839634  0.04619484 -0.02045056
 -0.0495219   0.03011531 -0.04233536  0.00410018 -0.01180638 -0.05056966
 -0.00328144  0.0727833   0.11433741  0.03584947  0.05070174  0.06188122
 -0.00565821  0.05285707 -0.07739325 -0.00673029  0.00806974 -0.0008117
 -0.03491974 -0.04659517 -0.05884353 -0.07539839  0.00943882 -0.06545772
  0.04281189 -0.00841506 -0.06313943  0.00793713 -0.03451765 -0.04234167
 -0.01417136  0.06108196  0.03139002  0.03407722 -0.07998351 -0.00179021
 -0.01043466 -0.0688246  -0.00302403 -0.01839541 -0.01305519  0.02968393
  0.04115904 -0.02615867  0.05565994  0.0692948  -0.04516717 -0.0097161
  0.0179127   0.04127365 -0.01384523  0.0008142   0.00930833  0.00844612
  0.01856178  0.07488133 -0.02621578  0.04892295  0.01087052  0.02785315
 -0.00206358 -0.01797035  0.04746774 -0.01737129  0.01278306  0.02832165
  0.02044507 -0.02500622 -0.06624728  0.02158949 -0.02619411  0.00499832
  0.01520552 -0.04348921  0.00455271  0.01829531 -0.02634094  0.00634856
 -0.00068087 -0.0585945  -0.06294885 -0.09265077 -0.03275137  0.00785599
  0.01061977  0.05987685 -0.01996423  0.00621104  0.06654452 -0.06621719
 -0.04971956 -0.01241856 -0.09503727  0.05210013  0.00401182 -0.03816411
  0.02141028 -0.00565837 -0.06233    -0.02431598 -0.06070717 -0.00805661
 -0.02670952 -0.01972145  0.05701935  0.05677817  0.01312027 -0.00779226
  0.01982967 -0.04073548  0.0652533  -0.01869098 -0.06935136 -0.03166851
  0.01682177  0.05689149  0.0407032   0.05186679 -0.0106079   0.0833579
  0.03895101 -0.03230081  0.02022049  0.07722103  0.00804551  0.04910376
 -0.00678326  0.04096262  0.01694632  0.02437018  0.02638418  0.04933064
  0.01206343  0.04149115  0.00626919 -0.03505167 -0.04081663  0.03953221
  0.03208216 -0.01221349  0.06634633 -0.00089173  0.04123571 -0.02421781
 -0.03892184 -0.03582819  0.04227057  0.06623936 -0.04259137 -0.03801178
 -0.04672312  0.09541495  0.08013033 -0.10152192 -0.03899556  0.06258422
 -0.02262748  0.02615707 -0.02626422 -0.00585585  0.05343916 -0.004511
 -0.03356867  0.04355335 -0.1119711   0.01430634 -0.00057765 -0.04781019
 -0.03592099 -0.03587838 -0.00785663 -0.00135678  0.03048653 -0.05948995
  0.00805879 -0.04451298 -0.06411538  0.00803616 -0.00334035 -0.03141167
 -0.03434612 -0.04587226  0.03063864 -0.01388313 -0.00020754 -0.05399743
  0.00472875 -0.00895318 -0.01303532 -0.01812727  0.05036056 -0.06963245
  0.05602546 -0.04450988 -0.03004612  0.06189875  0.02993685  0.00421747
 -0.06293935  0.02558169 -0.07891011 -0.06636033  0.06622463  0.01494969
 -0.01137595  0.00544973  0.05205155  0.04453416 -0.03146166  0.05104301
  0.05643726  0.00344294  0.03968331 -0.01969529  0.04984112 -0.03355809
  0.06821238  0.03143047  0.02575495 -0.00754476 -0.0052499   0.06587787
  0.06139097 -0.01209859 -0.02930969 -0.05756076 -0.00954504  0.06607025
  0.00641477 -0.0379117  -0.03172112 -0.04420108 -0.08586952  0.0452532
 -0.00345103  0.00591079 -0.00361363 -0.00275773  0.03891641 -0.02401592
 -0.02982635 -0.08920836 -0.05682636  0.0592357  -0.00985924 -0.02118496
  0.02115433 -0.03029011  0.05724197 -0.04704752 -0.01874828 -0.01281219
 -0.09810303  0.01504069  0.00113932  0.08684187 -0.05423149  0.0260402
 -0.02064839 -0.0235531  -0.01980524  0.00290294 -0.10864158 -0.04454777
 -0.03022536  0.00292009 -0.02695564  0.05159904 -0.03921163 -0.01126319
  0.01390148 -0.04564537  0.0165094   0.01580428 -0.05238161  0.00235688
  0.03019959 -0.00706002 -0.07352056 -0.07108518  0.07660903 -0.06436303
  0.06686851  0.00581065  0.0424839   0.04432846  0.01044446 -0.0832715
  0.00870183  0.02026462  0.00414079  0.00644224  0.00026879  0.01950901
  0.0199708   0.06289829 -0.02320262 -0.03218197  0.00027663 -0.00107384
 -0.0908355  -0.03444137 -0.0543697   0.0591689  -0.00179864 -0.01674032
  0.0091121   0.01429644 -0.02925103  0.00194491 -0.07250185 -0.01580284
  0.02788858 -0.08238038  0.05157802  0.04768821 -0.02319014  0.04912718
 -0.03704119 -0.00347646  0.02146181 -0.00983655  0.01305723  0.05656353
  0.00644737  0.04965461  0.01295357 -0.04977401 -0.01891304  0.07800383
 -0.08439715  0.06023695  0.01933478  0.03148801  0.00552574  0.09250867
 -0.00052484 -0.01237088  0.02296516 -0.02200242  0.0469324   0.03250124
  0.03450317  0.04316711 -0.00583056  0.08796512 -0.04093848 -0.03157353
  0.00324971  0.01129557 -0.01321826 -0.05321989 -0.03446008  0.01184173
 -0.06946348  0.01062418 -0.02761937  0.07799064  0.00857558  0.07562183
 -0.00403913  0.01901027 -0.01638899 -0.0655354   0.02210458 -0.06277423
 -0.01191742 -0.05847691  0.02451574  0.10930639  0.05064462  0.0641192
 -0.11254692  0.01984698 -0.10716337 -0.02511283  0.00224819  0.0875733
 -0.05882659 -0.05323021 -0.07080135  0.04082971  0.03787589 -0.04810625
  0.01905459 -0.05426835  0.03001562 -0.01319406  0.09895427 -0.06665946
 -0.04040994  0.07225953  0.00218856 -0.02620788 -0.02250466  0.03195183
 -0.07910304 -0.03981679  0.01575959  0.02147732 -0.13204503 -0.01807119
  0.02340384 -0.05549295 -0.01561457  0.01636547 -0.08177287  0.01723808
 -0.05701963  0.00437749 -0.03063546  0.05208347 -0.01007235 -0.03472611
  0.00412369 -0.00201837 -0.0268128  -0.01516463 -0.06376461  0.04387279
  0.05831649 -0.05668344  0.0476798   0.03991681  0.06113173 -0.02879545
  0.03823907 -0.0077604   0.00965598  0.00742611  0.0227778   0.02237066
  0.03638653 -0.02504218  0.0512164   0.08838449 -0.01668542  0.03187309
 -0.04469697  0.01629996 -0.02134899 -0.00952362 -0.03231986  0.01526029
 -0.05108804  0.03961974]
	 bbox:[456 263 516 335]
	 landmark:[471 296 499 297 484 312 475 322 494 322]
##############################################################################
人脸 [0]:
	 年龄:27
	 性别:男
	 人脸概率值:0.9987280964851379
	 人脸特征维度:512
	 人脸特征信息:19.275599
	 人脸特征信息_正则化:
[-3.67250890e-02  2.09049210e-02 -2.50231810e-02  3.67697105e-02
  3.49157564e-02  8.39578435e-02  8.70755017e-02  4.73119579e-02
 -8.35547969e-03  9.31345578e-03  1.66062601e-02  2.46408526e-02
 -5.81077347e-03  7.30948159e-05 -2.70431582e-02  6.42988905e-02
  7.90116414e-02  8.82486720e-03 -7.50621781e-02 -5.66217452e-02
 -4.07181606e-02  8.09184760e-02  2.43577082e-03 -1.04379632e-01
 -6.06455514e-03  5.78556350e-03  3.84108126e-02  9.51558277e-02
  2.29317378e-02  7.10102618e-02  3.83855589e-02  3.23694050e-02
  8.43270421e-02  2.11158004e-02  3.32138501e-02  4.35808674e-02
 -3.88570987e-02  3.72531712e-02  2.97662225e-02 -4.28793840e-02
  1.97326522e-02  2.05001719e-02  5.01917442e-04  4.51693833e-02
  7.87942708e-02  3.06805782e-02 -1.11773033e-02 -9.68320668e-03
 -4.97203805e-02  1.27497211e-01 -1.88706629e-02 -5.65299727e-02
  3.86910257e-03  4.69039306e-02 -1.82344124e-03 -1.73564218e-02
 -7.63051361e-02 -8.55528191e-02 -9.41400044e-03  3.37191857e-02
  4.44856994e-02 -2.03224597e-03  3.01297922e-02 -9.91379023e-02
 -5.79713285e-03 -2.06195433e-02  3.39113809e-02  1.37358354e-02
 -4.19951156e-02  9.58273374e-03  3.83518189e-02 -2.74175331e-02
  2.05571707e-02  2.14805324e-02  1.09529793e-02 -3.39950882e-02
  3.13485553e-03  3.85127552e-02  3.48393805e-02  2.76056584e-02
 -3.80314328e-02 -1.24600278e-02 -1.88449696e-02 -2.92284116e-02
 -7.77857974e-02  9.10850428e-03  2.40956638e-02 -4.22807708e-02
 -4.22450043e-02 -2.18979791e-02  4.91520837e-02  4.69429418e-02
  2.19180137e-02  2.39355490e-02 -1.73991416e-02 -7.94492103e-03
 -3.92414220e-02 -5.47640659e-02  1.44907115e-02  4.41088006e-02
  3.35232913e-02 -4.05421704e-02 -4.73119318e-02 -6.53020516e-02
 -2.62670107e-02  1.32142259e-02 -1.02007459e-03 -4.52234037e-02
 -2.74178144e-02 -6.28121942e-03  1.12867646e-01  4.36962545e-02
  7.30660185e-02  9.36979149e-03  1.79663915e-02 -3.87435779e-02
 -3.00475173e-02 -5.67308888e-02  2.37647593e-02  2.24299338e-02
  6.94152117e-02 -3.45791050e-04 -3.53260413e-02  8.82444624e-03
  2.74714292e-03 -3.02547459e-02 -2.34906077e-02  2.95366123e-02
  3.29165347e-02  1.22645218e-02  7.26099766e-04 -3.00649609e-02
  1.98835190e-02 -1.01839034e-02  4.40781415e-02  1.07999677e-02
  2.43713297e-02  1.45051247e-02  6.32614456e-03 -2.24514008e-02
 -7.88949430e-02  7.65079781e-02 -5.02033085e-02  6.52744323e-02
 -1.04192607e-01 -6.60710558e-02  1.51162408e-02 -4.86489870e-02
  4.33815718e-02 -2.39632428e-02 -6.72889799e-02  1.99043080e-02
 -7.97683895e-02  6.33099526e-02  2.04738230e-02 -6.07193112e-02
 -4.23472710e-02 -5.76735139e-02 -4.73907292e-02 -6.56128116e-03
 -2.01157276e-02 -3.40151079e-02 -1.49291875e-02 -1.01702228e-01
  2.19013002e-02 -3.02112345e-02  3.16636898e-02 -2.74232589e-02
 -1.22429337e-02 -4.52856980e-02 -8.90392344e-03 -2.86425948e-02
 -2.57851928e-02  3.76287028e-02 -2.54244991e-02 -4.94359760e-04
  2.44826730e-02 -3.32793929e-02 -2.18271464e-02  4.74463254e-02
 -3.26199755e-02  5.59610024e-04 -3.20390686e-02  2.32165568e-02
  9.57223494e-03  7.27866963e-02 -2.83722226e-02  3.35942879e-02
  5.51764928e-02 -2.59904023e-02  2.10450944e-02 -5.90958856e-02
 -7.89544266e-03  1.06287049e-02  1.91407539e-02  1.68301817e-02
  7.52560273e-02 -6.10280149e-02  2.68026982e-02 -4.37895767e-02
 -1.69045161e-02 -5.75632192e-02 -1.07528716e-02 -1.01221696e-01
 -9.48492512e-02 -7.22563565e-02 -4.29827347e-02 -2.22235564e-02
  7.38509521e-02  4.99391221e-02 -7.28121353e-03 -1.88361462e-02
  8.92955288e-02 -2.54129041e-02 -3.25997323e-02  4.38138377e-03
 -7.70051852e-02  9.27067250e-02 -1.04297847e-02 -8.18491802e-02
 -7.33457331e-04  1.20470840e-02  2.66205054e-04  1.35976374e-02
  5.13052903e-02  1.28343003e-02  3.88674028e-02 -9.88230258e-02
  3.23005840e-02  3.67941409e-02  7.59992003e-02 -2.62176562e-02
  4.13778089e-02 -2.85133775e-02  7.57474825e-02  3.29055488e-02
 -3.08698788e-02  1.13863656e-02  2.83633005e-02 -6.36143759e-02
 -2.64729410e-02  1.07818944e-02 -2.47303839e-03  4.38846499e-02
  4.47659865e-02 -7.81431273e-02  3.86186428e-02  9.96155571e-03
  2.32881159e-02 -8.14075693e-02 -6.84072822e-02 -2.05051415e-02
  7.69132599e-02 -8.23744386e-02 -6.05483167e-03  2.05335040e-02
 -6.99338317e-02 -5.45757338e-02  8.85972753e-03  1.64631065e-02
  5.95492423e-02 -8.31559673e-03 -3.85769010e-02  2.61095893e-02
  8.53715912e-02 -2.64991261e-02  4.82063480e-02  2.25892793e-02
 -9.25744977e-03 -4.03980985e-02 -7.30738277e-04  3.05645131e-02
  3.14341523e-02 -5.11203855e-02 -1.03223668e-02 -6.90115208e-04
  5.18822409e-02  1.98477991e-02  1.48716811e-02 -2.39835903e-02
 -8.57694820e-03 -5.46825631e-03  3.61005962e-02  5.05431369e-02
 -6.11203276e-02  4.72141989e-02 -4.33159135e-02  2.02312917e-02
  5.44911576e-03  3.51041369e-02  5.27511649e-02 -5.30186072e-02
  5.13026975e-02  1.48579208e-02 -2.26603705e-03  3.13993394e-02
 -3.70671712e-02 -5.56075536e-02 -9.80510493e-04  5.70867024e-03
 -6.24113195e-02 -3.78923863e-02  2.60578617e-02 -6.89455122e-02
 -3.33873257e-02  8.23966414e-02  6.28974959e-02  1.82617679e-02
 -4.57264595e-02  4.38794382e-02  5.60572147e-02 -2.80031953e-02
 -2.40838993e-03  5.07240519e-02 -1.75748989e-02  6.41733110e-02
 -2.93299183e-02 -4.79554437e-04 -2.04164702e-02 -7.67085254e-02
 -5.07967547e-02  4.44623046e-02 -2.52289250e-02 -7.65710399e-02
 -1.65685378e-02 -6.54427707e-03 -3.48184481e-02  1.81604903e-02
 -3.99677828e-02 -3.02259196e-02  5.90793369e-03  3.47811393e-02
  1.74075458e-02  5.01452237e-02 -2.11837105e-02  4.37095389e-02
  7.20818015e-03 -4.01292145e-02 -1.00595541e-01  1.93103459e-02
  3.99253257e-02 -1.53967515e-02 -8.40373859e-02 -6.95472360e-02
 -1.15011528e-01 -4.53029163e-02  1.04138264e-02 -3.77065444e-05
 -1.98356248e-03 -6.76174983e-02 -2.94047277e-02 -5.52826487e-02
  9.21682939e-02  6.63008483e-04  6.29236773e-02  5.79571947e-02
 -3.78558189e-02 -3.20361741e-02 -1.09414244e-02  2.31439695e-02
 -1.11185513e-01  3.77506204e-02  5.63178845e-02 -4.57969047e-02
 -4.50734757e-02  4.31834459e-02  8.78182799e-03 -1.00681623e-02
  8.97231419e-03  6.97881728e-02  6.00629374e-02 -2.20303796e-02
  9.08759236e-03 -3.89143415e-02  1.45039307e-02  7.77050108e-02
  1.64087210e-02 -3.50470878e-02  1.74682289e-02 -2.68468000e-02
 -1.02506799e-03  1.54702803e-02 -2.47063804e-02 -6.58710599e-02
 -6.39446825e-02  1.28117176e-02  6.84266072e-03 -1.92925369e-03
  4.89340127e-02 -1.93499662e-02  8.08683261e-02 -2.41538472e-02
 -2.62015369e-02 -3.67182703e-03 -4.77047302e-02  9.95776337e-03
 -2.36560497e-02  2.50373445e-02 -3.54215391e-02  1.24702267e-02
  2.64313426e-02  5.33680655e-02 -1.92068163e-02 -4.10377834e-04
  5.96208349e-02 -2.04884186e-02  6.68666139e-02 -2.11398844e-02
  4.34785746e-02 -3.70137393e-02 -1.11952880e-02  1.31464759e-02
  1.08934380e-01  1.19444460e-01 -2.68538501e-02 -8.44039619e-02
  3.27750780e-02 -3.24357152e-02  4.91441507e-03  7.69424625e-03
 -3.40562463e-02 -2.00898647e-02 -5.04300147e-02 -3.42701189e-02
  2.26464923e-02  1.20347282e-02  7.13391453e-02 -2.84404494e-02
  4.37632389e-02  7.43135065e-02 -9.11449268e-02 -1.87257156e-02
  1.61127951e-02 -3.01127881e-02 -3.92000079e-02 -5.77688171e-03
 -7.99143221e-03  2.35669594e-02 -7.85912797e-02 -1.80314016e-02
  1.79050844e-02  1.35281850e-02 -4.01915424e-02  6.24605380e-02
 -1.30697330e-02  1.29689218e-03 -6.59748465e-02 -1.43637890e-02
  6.32474292e-03 -9.46128517e-02  4.96822558e-02 -1.60914008e-02
 -1.18647877e-03  1.08580850e-03  7.20459688e-03  2.07247268e-02
  9.70674604e-02  4.38226126e-02 -6.21045083e-02  9.55013633e-02
 -2.98349485e-02 -5.72422743e-02 -5.76833785e-02 -5.33055551e-02
  9.78089590e-03 -1.40388049e-02 -7.67303333e-02  6.90829754e-02
  3.82429771e-02  1.22312782e-03 -1.35677988e-02  4.02707607e-02
  1.03456825e-02 -3.76081355e-02  1.49831735e-02  1.54408216e-02
  7.87789673e-02 -4.53558750e-02  1.28823016e-02 -2.75498559e-03
  1.12070353e-03 -3.04880515e-02 -3.10239363e-02  2.16055978e-02
  4.30005277e-03 -6.05416624e-03 -2.21013054e-02 -5.88209778e-02
 -6.81296438e-02 -4.65244278e-02  1.70560367e-02 -8.96877982e-03
 -1.73910339e-05 -3.28889349e-03 -2.50044223e-02 -5.29391989e-02
  5.91079369e-02 -5.59447072e-02 -4.53502312e-02  2.77077761e-02
  2.82040704e-02 -3.70380888e-03 -1.65052339e-02  2.41923910e-02
 -2.68184394e-02  9.98751726e-03 -6.19618595e-02  6.34969026e-03
  5.90036996e-02 -6.43418729e-02 -3.92243452e-02 -5.94293047e-03]
	 人脸框:[529  76 601 169]
	 人脸关键点:[544 120 577 111 564 131 555 149 582 142]
##############################################################################
人脸 [1]:
	 年龄:10
	 性别:女
	 人脸概率值:0.9986523985862732
	 人脸特征维度:512
	 人脸特征信息:22.802141
	 人脸特征信息_正则化:
[-6.59407973e-02 -2.61782832e-03  5.54664508e-02  4.26987186e-02
 -6.14167862e-02 -2.38771159e-02 -5.24669029e-02 -2.79849600e-02
 -3.70806106e-03  2.11317986e-02 -8.97044316e-03  2.61882171e-02
  8.27361830e-03 -5.46642095e-02  9.35230777e-03  4.16454487e-02
 -6.67816922e-02 -5.25738299e-02  6.82551563e-02  9.25280228e-02
 -4.69415635e-02 -3.10458392e-02 -3.97063456e-02 -3.97131369e-02
 -9.16365162e-03  8.81773233e-02  5.72540462e-02  4.85582054e-02
  1.29225450e-02 -9.64324921e-02 -2.39617948e-04  8.46887100e-03
  8.05113092e-03  5.38396984e-02  1.68525912e-02 -1.25863468e-02
  2.71158237e-02  3.37967090e-02  5.80510870e-02 -2.82278657e-02
  1.16583528e-02  8.73049069e-03 -8.55812207e-02 -4.30393890e-02
  1.43542280e-02 -3.85794751e-02  1.54499328e-02  7.87428021e-03
  7.51721021e-03  2.09357683e-03  4.26584929e-02 -7.97468275e-02
 -1.05937654e-02  3.17786001e-02 -8.03364664e-02  2.75868755e-02
 -4.53013144e-02 -5.73146790e-02 -2.23323852e-02 -5.15133478e-02
 -6.02596104e-02 -1.79563798e-02 -3.95942926e-02  3.44809331e-02
  4.31456305e-02  9.17559396e-03  1.95343699e-02 -2.68944670e-02
 -2.99966317e-02 -3.70693021e-02 -8.17879848e-03 -7.72474241e-03
 -2.56983694e-02 -5.29738776e-02  6.14804178e-02  3.25065292e-02
  5.09915352e-02  7.12895207e-03  5.99362515e-02  4.61742096e-02
  2.38033030e-02 -2.10130773e-02 -1.56989950e-03 -1.65377613e-02
  3.54006514e-02 -5.50700799e-02 -2.17869356e-02  8.43714103e-02
 -4.11334410e-02 -3.19885798e-02  7.48138577e-02 -1.00052021e-02
 -6.95504919e-02 -1.77938435e-02  5.04164770e-03  3.75582799e-02
  9.17215645e-03  4.43833619e-02 -6.06644861e-02 -6.11829013e-03
 -3.72444466e-02 -6.35201335e-02 -2.41534133e-02 -3.20671871e-02
 -2.49875598e-02  5.30030206e-02  2.00037230e-02 -6.51557073e-02
  1.05251268e-01 -3.78839299e-02  5.04042953e-02  4.31937305e-03
  2.49678101e-02 -4.49546091e-02  4.07371372e-02 -4.81494330e-02
  1.04344204e-01 -5.84896579e-02 -2.60857493e-03  4.83734012e-02
  2.40211226e-02  3.54832560e-02  7.37182796e-02  7.30366400e-03
  1.53561980e-02  9.73466560e-02 -4.30753715e-02  2.66801240e-03
  4.61812019e-02 -3.38938870e-02 -3.93490680e-02  1.20919407e-03
 -5.57420738e-02  2.83483341e-02  4.39890055e-03  1.90972071e-02
 -1.26774218e-02  2.33270954e-02 -3.65965515e-02  4.91644777e-02
 -2.95742229e-03 -8.16680118e-02  5.29255420e-02  3.60803343e-02
  6.51672035e-02 -2.70768832e-02 -3.99309471e-02 -4.61960211e-02
  5.82730733e-02  8.51412937e-02  7.21085598e-05  3.62154432e-02
  3.04667559e-02  7.60869011e-02  5.94600104e-03  7.89585151e-03
  2.54004467e-02 -1.88678242e-02 -2.64233109e-02  2.29868256e-02
 -9.00012627e-03 -3.70061547e-02 -8.28511734e-03  3.01526971e-02
 -9.84264445e-03 -2.79709175e-02 -4.19939160e-02 -2.35334840e-02
  1.45270862e-02  6.27955236e-03  5.09838909e-02  3.34418602e-02
  1.23947980e-02  2.43457928e-02 -3.17825340e-02  1.33703090e-02
  5.62404841e-02 -1.58048198e-02  8.73361602e-02 -3.62987374e-03
 -1.48634678e-02  2.09887959e-02  9.23455805e-02  5.52676767e-02
 -3.02982163e-02 -1.23484926e-02 -6.86161080e-03 -4.25767303e-02
  1.67947100e-03  8.76912265e-04 -2.17942521e-02 -6.16908222e-02
  5.18670632e-03  1.47929061e-02 -4.69727032e-02 -3.30935158e-02
  4.18198444e-02  1.11344680e-01  2.93744821e-03  2.36631408e-02
 -8.52295533e-02 -4.38057482e-02 -6.31447956e-02  7.63920993e-02
 -3.41736302e-02  3.66714410e-02  3.34276147e-02  2.46169716e-02
 -7.63207674e-02 -7.07432851e-02  1.53774675e-02  7.19205244e-03
 -1.98713411e-02 -1.59311816e-02 -9.40297171e-02  1.10888341e-03
  4.92694713e-02 -2.21646447e-02  8.66033733e-02 -6.98277578e-02
 -1.63516644e-02  4.06132825e-02  4.25396254e-03 -3.41571309e-02
  2.03734562e-02  4.21106033e-02  3.76998447e-02 -1.89915281e-02
 -2.89753396e-02  4.26988043e-02 -7.63802454e-02  2.54758708e-02
  4.44580875e-02 -3.92415710e-02 -6.70378134e-02 -2.11806893e-02
 -4.74233739e-02 -2.52531422e-03 -3.81720252e-02 -9.07865912e-02
 -3.45982239e-02 -1.40265943e-02 -1.38748335e-02 -1.56075191e-02
  1.05924979e-01 -4.62212674e-02  1.27900969e-02 -3.27211544e-02
 -1.54609457e-02  1.99462213e-02 -2.57205330e-02  1.12785050e-03
 -1.93902832e-02  1.24822033e-03  3.17971893e-02  3.36719863e-02
 -8.42127576e-03 -2.07272153e-02  7.85243809e-02  4.82519157e-03
  4.35907133e-02  1.03868237e-02 -5.10779843e-02  1.90128107e-02
 -3.50449532e-02  6.85821846e-02  3.29632424e-02  3.96728069e-02
  4.37749065e-02  1.01842664e-01  2.71569435e-02  1.81889476e-03
  1.38755264e-02  1.04643628e-02  2.34749597e-02  4.02620696e-02
  7.15399832e-02 -1.06261693e-01  1.90165956e-02  7.46055786e-03
  2.40398720e-02 -1.45177934e-02  6.53739423e-02  3.79415676e-02
 -6.26039356e-02  2.46037003e-02  5.81135936e-02 -1.72517169e-02
  4.65604328e-02 -1.12848794e-02 -5.76473400e-02 -4.27896157e-02
 -7.18866959e-02 -2.99593024e-02  2.68407837e-02 -2.73926891e-02
 -6.96679726e-02  2.86076311e-02  7.69879762e-03  6.89746961e-02
  3.80104817e-02  4.81715836e-02  5.69759645e-02 -9.82619673e-02
 -5.09878360e-02 -3.39032933e-02 -2.73141004e-02 -6.78176954e-02
 -1.01938099e-03  7.21367896e-02  4.29999717e-02 -1.72246285e-02
  5.78207895e-02 -5.29654473e-02  7.57941743e-03  2.78872065e-02
 -1.79626019e-04  1.07079307e-02  1.05616234e-01  1.70836207e-02
  4.78431582e-02 -9.04895458e-03 -4.78749536e-02 -1.03492074e-01
  8.66109803e-02  2.10995767e-02 -2.40231194e-02  5.01955301e-02
 -6.55063689e-02  7.47713000e-02  1.26441121e-02 -3.26601192e-02
 -4.31603454e-02 -1.57131609e-02 -6.63185194e-02 -6.12027571e-03
 -3.22548710e-02 -3.10034528e-02 -1.75123420e-02 -1.32833458e-02
 -7.94011131e-02  1.57392789e-02  2.63866056e-02 -2.00401451e-02
  4.51033842e-03 -3.17938067e-02  4.98137996e-02 -7.87384622e-03
 -1.40387071e-02  1.51331695e-02 -8.95845611e-03  7.32882619e-02
  5.48473150e-02  2.33413372e-02 -1.96141694e-02  5.03910473e-03
 -1.58530697e-02  5.51925227e-02  3.97832086e-03 -4.30353731e-02
  3.24732475e-02 -3.28558311e-02 -2.21032575e-02 -5.91598125e-03
 -2.32684333e-02  5.54690370e-03  1.02445791e-02  5.63272387e-02
 -1.91710889e-02 -2.04755291e-02  8.59516114e-03  1.39047625e-02
  4.22663689e-02 -6.08798414e-02 -8.21212903e-02  7.73166716e-02
 -5.26352134e-03 -2.29589772e-04  2.10818672e-03 -4.54396568e-02
  4.27047275e-02  6.07049912e-02 -4.73580949e-05  2.71057338e-02
 -1.17675913e-02  3.13806953e-03  8.66437182e-02 -1.06376968e-02
 -4.37781401e-02  2.36454289e-02  1.42123774e-02 -1.45831015e-02
 -2.49956008e-02  4.29937951e-02 -2.91010831e-02 -1.84648428e-02
 -7.98408315e-02 -7.74224102e-02  4.92127910e-02  7.71853328e-03
  2.48172246e-02 -2.43049804e-02  8.45683590e-02  1.92104112e-02
  1.80610605e-02  1.70687772e-02 -6.29567876e-02 -9.28772762e-02
 -2.53379680e-02  1.17699757e-01  4.40536775e-02  2.42082737e-02
 -5.21642491e-02  3.46920500e-03  1.61384493e-02  2.59001516e-02
 -3.07734665e-02 -7.40252493e-04 -5.49122468e-02  1.85001623e-02
 -7.61411414e-02 -1.09871197e-02 -8.00651088e-02  5.61520271e-02
 -2.56995875e-02  8.26125219e-02 -2.80681401e-02  3.88609543e-02
 -3.73433195e-02 -6.60055643e-03  1.19768064e-02  1.53183285e-02
 -2.66006887e-02 -1.24142214e-03  3.81354569e-03  6.49956837e-02
  2.02315208e-03  9.42578688e-02 -9.09083057e-03 -5.59199974e-02
 -6.87679350e-02  7.11614266e-02 -2.43093669e-02 -3.52929756e-02
 -1.79233740e-03 -1.97471380e-02 -2.24034884e-03  3.41941533e-03
  1.33979186e-01 -4.06996673e-03  9.77043360e-02 -4.39041294e-02
 -1.43694121e-03 -5.43882772e-02  5.25756329e-02  1.13684582e-02
  7.86568783e-03 -2.09060521e-03 -1.95042193e-02 -4.87407558e-02
 -3.11467443e-02  7.59518296e-02 -3.86673585e-02 -3.15416744e-03
  3.07642110e-02 -1.02959245e-01 -1.97904911e-02 -1.60794370e-02
  1.71648581e-02 -7.53758533e-04  2.02247160e-04 -8.23012888e-02
 -6.13674298e-02  3.92205901e-02 -1.08830005e-01 -3.96064594e-02
 -3.03348098e-02  9.31537803e-03 -3.23016606e-02 -4.68539745e-02
  2.69448245e-03  4.18756437e-03 -1.50041971e-02 -3.65568995e-02
 -4.25378047e-02 -1.91022269e-02 -3.06318998e-02 -2.56461557e-02
 -4.57617380e-02  2.62950966e-03  4.47441917e-03 -9.54569802e-02
  4.67222388e-04  6.57754689e-02 -3.11501399e-02 -1.94179378e-02
 -3.21606770e-02 -1.64337233e-02  4.94435020e-02  1.06018856e-02
 -6.66355044e-02 -3.47824693e-02  4.03881557e-02 -4.29393388e-02
 -4.80274856e-02 -2.25470569e-02 -1.35596143e-02  2.02298947e-02
 -1.18515948e-02  9.44981817e-03 -6.07255623e-02 -2.77688876e-02]
	 人脸框:[365 142 437 237]
	 人脸关键点:[389 180 423 182 408 199 389 211 419 212]
##############################################################################
人脸 [2]:
	 年龄:1
	 性别:男
	 人脸概率值:0.9934357404708862
	 人脸特征维度:512
	 人脸特征信息:26.638187
	 人脸特征信息_正则化:
[ 0.04427935  0.05994406 -0.02340097  0.09812396 -0.06112458 -0.01572514
 -0.00975527  0.030208    0.03631855  0.04619059 -0.01174587  0.04251931
 -0.02051783  0.00693525  0.04593907 -0.0335037   0.04880856  0.03642824
  0.01096378 -0.0230952   0.03162779 -0.08418407  0.00590679 -0.03682038
  0.07568979 -0.00454233  0.00407038 -0.00036772  0.06769052 -0.00275879
 -0.001201    0.06754166  0.03670196  0.02355198  0.02625484  0.08441519
  0.00844273  0.05266871  0.10588797  0.03610973 -0.01329873  0.06966373
 -0.04113583 -0.01528122 -0.02488462 -0.02354055 -0.0597112  -0.01297918
  0.03094004  0.06523258 -0.02903162 -0.04627236  0.02263401  0.06924993
 -0.05437412  0.03360439 -0.00301702 -0.07754826  0.07101788  0.00693671
  0.03877548  0.00349808 -0.04776444 -0.06839634  0.04619484 -0.02045056
 -0.0495219   0.03011531 -0.04233536  0.00410018 -0.01180638 -0.05056966
 -0.00328144  0.0727833   0.11433741  0.03584947  0.05070174  0.06188122
 -0.00565821  0.05285707 -0.07739325 -0.00673029  0.00806974 -0.0008117
 -0.03491974 -0.04659517 -0.05884353 -0.07539839  0.00943882 -0.06545772
  0.04281189 -0.00841506 -0.06313943  0.00793713 -0.03451765 -0.04234167
 -0.01417136  0.06108196  0.03139002  0.03407722 -0.07998351 -0.00179021
 -0.01043466 -0.0688246  -0.00302403 -0.01839541 -0.01305519  0.02968393
  0.04115904 -0.02615867  0.05565994  0.0692948  -0.04516717 -0.0097161
  0.0179127   0.04127365 -0.01384523  0.0008142   0.00930833  0.00844612
  0.01856178  0.07488133 -0.02621578  0.04892295  0.01087052  0.02785315
 -0.00206358 -0.01797035  0.04746774 -0.01737129  0.01278306  0.02832165
  0.02044507 -0.02500622 -0.06624728  0.02158949 -0.02619411  0.00499832
  0.01520552 -0.04348921  0.00455271  0.01829531 -0.02634094  0.00634856
 -0.00068087 -0.0585945  -0.06294885 -0.09265077 -0.03275137  0.00785599
  0.01061977  0.05987685 -0.01996423  0.00621104  0.06654452 -0.06621719
 -0.04971956 -0.01241856 -0.09503727  0.05210013  0.00401182 -0.03816411
  0.02141028 -0.00565837 -0.06233    -0.02431598 -0.06070717 -0.00805661
 -0.02670952 -0.01972145  0.05701935  0.05677817  0.01312027 -0.00779226
  0.01982967 -0.04073548  0.0652533  -0.01869098 -0.06935136 -0.03166851
  0.01682177  0.05689149  0.0407032   0.05186679 -0.0106079   0.0833579
  0.03895101 -0.03230081  0.02022049  0.07722103  0.00804551  0.04910376
 -0.00678326  0.04096262  0.01694632  0.02437018  0.02638418  0.04933064
  0.01206343  0.04149115  0.00626919 -0.03505167 -0.04081663  0.03953221
  0.03208216 -0.01221349  0.06634633 -0.00089173  0.04123571 -0.02421781
 -0.03892184 -0.03582819  0.04227057  0.06623936 -0.04259137 -0.03801178
 -0.04672312  0.09541495  0.08013033 -0.10152192 -0.03899556  0.06258422
 -0.02262748  0.02615707 -0.02626422 -0.00585585  0.05343916 -0.004511
 -0.03356867  0.04355335 -0.1119711   0.01430634 -0.00057765 -0.04781019
 -0.03592099 -0.03587838 -0.00785663 -0.00135678  0.03048653 -0.05948995
  0.00805879 -0.04451298 -0.06411538  0.00803616 -0.00334035 -0.03141167
 -0.03434612 -0.04587226  0.03063864 -0.01388313 -0.00020754 -0.05399743
  0.00472875 -0.00895318 -0.01303532 -0.01812727  0.05036056 -0.06963245
  0.05602546 -0.04450988 -0.03004612  0.06189875  0.02993685  0.00421747
 -0.06293935  0.02558169 -0.07891011 -0.06636033  0.06622463  0.01494969
 -0.01137595  0.00544973  0.05205155  0.04453416 -0.03146166  0.05104301
  0.05643726  0.00344294  0.03968331 -0.01969529  0.04984112 -0.03355809
  0.06821238  0.03143047  0.02575495 -0.00754476 -0.0052499   0.06587787
  0.06139097 -0.01209859 -0.02930969 -0.05756076 -0.00954504  0.06607025
  0.00641477 -0.0379117  -0.03172112 -0.04420108 -0.08586952  0.0452532
 -0.00345103  0.00591079 -0.00361363 -0.00275773  0.03891641 -0.02401592
 -0.02982635 -0.08920836 -0.05682636  0.0592357  -0.00985924 -0.02118496
  0.02115433 -0.03029011  0.05724197 -0.04704752 -0.01874828 -0.01281219
 -0.09810303  0.01504069  0.00113932  0.08684187 -0.05423149  0.0260402
 -0.02064839 -0.0235531  -0.01980524  0.00290294 -0.10864158 -0.04454777
 -0.03022536  0.00292009 -0.02695564  0.05159904 -0.03921163 -0.01126319
  0.01390148 -0.04564537  0.0165094   0.01580428 -0.05238161  0.00235688
  0.03019959 -0.00706002 -0.07352056 -0.07108518  0.07660903 -0.06436303
  0.06686851  0.00581065  0.0424839   0.04432846  0.01044446 -0.0832715
  0.00870183  0.02026462  0.00414079  0.00644224  0.00026879  0.01950901
  0.0199708   0.06289829 -0.02320262 -0.03218197  0.00027663 -0.00107384
 -0.0908355  -0.03444137 -0.0543697   0.0591689  -0.00179864 -0.01674032
  0.0091121   0.01429644 -0.02925103  0.00194491 -0.07250185 -0.01580284
  0.02788858 -0.08238038  0.05157802  0.04768821 -0.02319014  0.04912718
 -0.03704119 -0.00347646  0.02146181 -0.00983655  0.01305723  0.05656353
  0.00644737  0.04965461  0.01295357 -0.04977401 -0.01891304  0.07800383
 -0.08439715  0.06023695  0.01933478  0.03148801  0.00552574  0.09250867
 -0.00052484 -0.01237088  0.02296516 -0.02200242  0.0469324   0.03250124
  0.03450317  0.04316711 -0.00583056  0.08796512 -0.04093848 -0.03157353
  0.00324971  0.01129557 -0.01321826 -0.05321989 -0.03446008  0.01184173
 -0.06946348  0.01062418 -0.02761937  0.07799064  0.00857558  0.07562183
 -0.00403913  0.01901027 -0.01638899 -0.0655354   0.02210458 -0.06277423
 -0.01191742 -0.05847691  0.02451574  0.10930639  0.05064462  0.0641192
 -0.11254692  0.01984698 -0.10716337 -0.02511283  0.00224819  0.0875733
 -0.05882659 -0.05323021 -0.07080135  0.04082971  0.03787589 -0.04810625
  0.01905459 -0.05426835  0.03001562 -0.01319406  0.09895427 -0.06665946
 -0.04040994  0.07225953  0.00218856 -0.02620788 -0.02250466  0.03195183
 -0.07910304 -0.03981679  0.01575959  0.02147732 -0.13204503 -0.01807119
  0.02340384 -0.05549295 -0.01561457  0.01636547 -0.08177287  0.01723808
 -0.05701963  0.00437749 -0.03063546  0.05208347 -0.01007235 -0.03472611
  0.00412369 -0.00201837 -0.0268128  -0.01516463 -0.06376461  0.04387279
  0.05831649 -0.05668344  0.0476798   0.03991681  0.06113173 -0.02879545
  0.03823907 -0.0077604   0.00965598  0.00742611  0.0227778   0.02237066
  0.03638653 -0.02504218  0.0512164   0.08838449 -0.01668542  0.03187309
 -0.04469697  0.01629996 -0.02134899 -0.00952362 -0.03231986  0.01526029
 -0.05108804  0.03961974]
	 人脸框:[456 263 516 335]
	 人脸关键点:[471 296 499 297 484 312 475 322 494 322]
##############################################################################

Process finished with exit code 0