       embedding_norm=19.275599

       [-7.07898080e-01,  4.02954876e-01, -4.82336789e-01,  7.08758175e-01,
        6.73022091e-01,  1.61833763e+00,  1.67843246e+00,  9.11966324e-01,
       -1.61056876e-01,  1.79522440e-01,  3.20095599e-01,  4.74967182e-01,
       -1.12006135e-01,  1.40894635e-03, -5.21273077e-01,  1.23939955e+00,
        1.52299666e+00,  1.70104593e-01, -1.44686842e+00, -1.09141803e+00,
       -7.84866929e-01,  1.55975211e+00,  4.69509400e-02, -2.01197982e+00,
       -1.16897933e-01,  1.11520201e-01,  7.40391433e-01,  1.83418560e+00,
        4.42022979e-01,  1.36876523e+00,  7.39904642e-01,  6.23939633e-01,
        1.62545419e+00,  4.07019675e-01,  6.40216827e-01,  8.40047300e-01,
       -7.48993814e-01,  7.18077183e-01,  5.73761761e-01, -8.26525807e-01,
        3.80358696e-01,  3.95153075e-01,  9.67475865e-03,  8.70666921e-01,
        1.51880670e+00,  5.91386497e-01, -2.15449214e-01, -1.86649606e-01,
       -9.58390117e-01,  2.45758510e+00, -3.63743335e-01, -1.08964908e+00,
        7.45792687e-02,  9.04101312e-01, -3.51479203e-02, -3.34555417e-01,
       -1.47082710e+00, -1.64908183e+00, -1.81460500e-01,  6.49957478e-01,
        8.57488453e-01, -3.91727574e-02,  5.80769777e-01, -1.91094244e+00,
       -1.11743204e-01, -3.97454023e-01,  6.53662145e-01,  2.64766455e-01,
       -8.09480965e-01,  1.84712932e-01,  7.39254296e-01, -5.28489351e-01,
        3.96251768e-01,  4.14050132e-01,  2.11125225e-01, -6.55275643e-01,
        6.04262166e-02,  7.42356420e-01,  6.71549916e-01,  5.32115579e-01,
       -7.33078599e-01, -2.40174502e-01, -3.63248050e-01, -5.63395143e-01,
       -1.49936783e+00,  1.75571874e-01,  4.64458346e-01, -8.14987183e-01,
       -8.14297736e-01, -4.22096670e-01,  9.47435856e-01,  9.04853284e-01,
        4.22482818e-01,  4.61372048e-01, -3.35378855e-01, -1.53143108e-01,
       -7.56401896e-01, -1.05561018e+00,  2.79317141e-01,  8.50223541e-01,
        6.46181524e-01, -7.81474590e-01, -9.11965787e-01, -1.25873613e+00,
       -5.06312370e-01,  2.54712105e-01, -1.96625479e-02, -8.71708155e-01,
       -5.28494775e-01, -1.21074267e-01,  2.17559147e+00,  8.42271447e-01,
        1.40839124e+00,  1.80608347e-01,  3.46312940e-01, -7.46805668e-01,
       -5.79183877e-01, -1.09352183e+00,  4.58079964e-01,  4.32350397e-01,
        1.33801973e+00, -6.66532945e-03, -6.80930555e-01,  1.70096487e-01,
        5.29528260e-02, -5.83178341e-01, -4.52795535e-01,  5.69335878e-01,
        6.34485900e-01,  2.36405998e-01,  1.39960079e-02, -5.79520106e-01,
        3.83266717e-01, -1.96300834e-01,  8.49632561e-01,  2.08175838e-01,
        4.69771951e-01,  2.79594958e-01,  1.21940225e-01, -4.32764173e-01,
       -1.52074730e+00,  1.47473705e+00, -9.67698812e-01,  1.25820374e+00,
       -2.00837493e+00, -1.27355909e+00,  2.91374594e-01, -9.37738359e-01,
        8.36205781e-01, -4.61905837e-01, -1.29703534e+00,  3.83667439e-01,
       -1.53758347e+00,  1.22033727e+00,  3.94645184e-01, -1.17040110e+00,
       -8.16268981e-01, -1.11169147e+00, -9.13484693e-01, -1.26472622e-01,
       -3.87742698e-01, -6.55661583e-01, -2.87769020e-01, -1.96037126e+00,
        4.22160655e-01, -5.82339644e-01,  6.10336602e-01, -5.28599739e-01,
       -2.35989884e-01, -8.72908950e-01, -1.71628460e-01, -5.52103162e-01,
       -4.97025043e-01,  7.25315750e-01, -4.90072429e-01, -9.52908024e-03,
        4.71918166e-01, -6.41480207e-01, -4.20731306e-01,  9.14556324e-01,
       -6.28769577e-01,  1.07868183e-02, -6.17572248e-01,  4.47513044e-01,
        1.84510559e-01,  1.40300715e+00, -5.46891570e-01,  6.47549987e-01,
        1.06355989e+00, -5.00980556e-01,  4.05656785e-01, -1.13910854e+00,
       -1.52189374e-01,  2.04874650e-01,  3.68949503e-01,  3.24411809e-01,
        1.45060492e+00, -1.17635155e+00,  5.16638041e-01, -8.44070315e-01,
       -3.25844675e-01, -1.10956550e+00, -2.07268044e-01, -1.95110869e+00,
       -1.82827604e+00, -1.39278448e+00, -8.28517914e-01, -4.28372353e-01,
        1.42352128e+00,  9.62606490e-01, -1.40349746e-01, -3.63077998e-01,
        1.72122478e+00, -4.89848942e-01, -6.28379345e-01,  8.44537914e-02,
       -1.48432100e+00,  1.78697765e+00, -2.01040342e-01, -1.57769191e+00,
       -1.41378287e-02,  2.32214749e-01,  5.13126189e-03,  2.62102604e-01,
        9.88940179e-01,  2.47388825e-01,  7.49192417e-01, -1.90487301e+00,
        6.22613072e-01,  7.09229112e-01,  1.46493006e+00, -5.05361021e-01,
        7.97582030e-01, -5.49612403e-01,  1.46007800e+00,  6.34274125e-01,
       -5.95035374e-01,  2.19479010e-01,  5.46719611e-01, -1.22620523e+00,
       -5.10281801e-01,  2.07827464e-01, -4.76692952e-02,  8.45902920e-01,
        8.62891197e-01, -1.50625551e+00,  7.44397461e-01,  1.92014948e-01,
        4.48892385e-01, -1.56917965e+00, -1.31859136e+00, -3.95248860e-01,
        1.48254919e+00, -1.58781660e+00, -1.16710506e-01,  3.95795584e-01,
       -1.34801650e+00, -1.05197990e+00,  1.70776546e-01,  3.17336231e-01,
        1.14784729e+00, -1.60288095e-01, -7.43592858e-01,  5.03277957e-01,
        1.64558852e+00, -5.10786533e-01,  9.29206192e-01,  4.35421884e-01,
       -1.78442881e-01, -7.78697550e-01, -1.40854176e-02,  5.89149296e-01,
        6.05912089e-01, -9.85376060e-01, -1.98969796e-01, -1.33023839e-02,
        1.00006127e+00,  3.82578194e-01,  2.86660552e-01, -4.62298065e-01,
       -1.65325806e-01, -1.05403915e-01,  6.95860565e-01,  9.74249184e-01,
       -1.17813087e+00,  9.10081923e-01, -8.34940135e-01,  3.89970243e-01,
        1.05034970e-01,  6.76653266e-01,  1.01681030e+00, -1.02196538e+00,
        9.88890171e-01,  2.86395311e-01, -4.36792225e-02,  6.05241060e-01,
       -7.14491904e-01, -1.07186890e+00, -1.88999269e-02,  1.10038035e-01,
       -1.20301557e+00, -7.30398417e-01,  5.02280891e-01, -1.32896602e+00,
       -6.43560708e-01,  1.58824456e+00,  1.21238685e+00,  3.52006525e-01,
       -8.81404877e-01,  8.45802426e-01,  1.08053637e+00, -5.39778352e-01,
       -4.64231595e-02,  9.77736473e-01, -3.38766694e-01,  1.23697901e+00,
       -5.65351725e-01, -9.24369879e-03, -3.93539697e-01, -1.47860277e+00,
       -9.79137838e-01,  8.57037544e-01, -4.86302614e-01, -1.47595263e+00,
       -3.19368482e-01, -1.26144856e-01, -6.71146393e-01,  3.50054324e-01,
       -7.70402968e-01, -5.82622707e-01,  1.13878958e-01,  6.70427263e-01,
        3.35540861e-01,  9.66579199e-01, -4.08328682e-01,  8.42527509e-01,
        1.38941988e-01, -7.73514628e-01, -1.93903923e+00,  3.72218460e-01,
        7.69584537e-01, -2.96781600e-01, -1.61987090e+00, -1.34056461e+00,
       -2.21691608e+00, -8.73240829e-01,  2.00732738e-01, -7.26816244e-04,
       -3.82343531e-02, -1.30336773e+00, -5.66793740e-01, -1.06560612e+00,
        1.77659905e+00,  1.27798850e-02,  1.21289158e+00,  1.11715961e+00,
       -7.29693592e-01, -6.17516458e-01, -2.10902512e-01,  4.46113855e-01,
       -2.14316726e+00,  7.27665782e-01,  1.08556092e+00, -8.82762730e-01,
       -8.68818223e-01,  8.32386732e-01,  1.69274986e-01, -1.94069862e-01,
        1.72946721e-01,  1.34520876e+00,  1.15774906e+00, -4.24648762e-01,
        1.75168782e-01, -7.50097215e-01,  2.79571950e-01,  1.49781060e+00,
        3.16287905e-01, -6.75553560e-01,  3.36710572e-01, -5.17488122e-01,
       -1.97587982e-02,  2.98198909e-01, -4.76230264e-01, -1.26970410e+00,
       -1.23257208e+00,  2.46953532e-01,  1.31896377e-01, -3.71875204e-02,
        9.43232358e-01, -3.72982174e-01,  1.55878532e+00, -4.65579867e-01,
       -5.05050302e-01, -7.07766637e-02, -9.19537246e-01,  1.91941857e-01,
       -4.55984503e-01,  4.82609808e-01, -6.82771385e-01,  2.40371078e-01,
        5.09479940e-01,  1.02870142e+00, -3.70222896e-01, -7.91027863e-03,
        1.14922726e+00, -3.94926518e-01,  1.28889406e+00, -4.07483935e-01,
        8.38075519e-01, -7.13461995e-01, -2.15795875e-01,  2.53406197e-01,
        2.09977531e+00,  2.30236340e+00, -5.17624021e-01, -1.62693691e+00,
        6.31759226e-01, -6.25217795e-01,  9.47282910e-02,  1.48311198e-01,
       -6.56454563e-01, -3.87244165e-01, -9.72068727e-01, -6.60577059e-01,
        4.36524689e-01,  2.31976584e-01,  1.37510467e+00, -5.48206687e-01,
        8.43562603e-01,  1.43243730e+00, -1.75687301e+00, -3.60949367e-01,
        3.10583770e-01, -5.80442011e-01, -7.55603611e-01, -1.11352853e-01,
       -1.54039636e-01,  4.54267234e-01, -1.51489389e+00, -3.47566068e-01,
        3.45131218e-01,  2.60763854e-01, -7.74716020e-01,  1.20396423e+00,
       -2.51926929e-01,  2.49983724e-02, -1.27170467e+00, -2.76870638e-01,
        1.21913202e-01, -1.82371938e+00,  9.57655251e-01, -3.10171366e-01,
       -2.28700880e-02,  2.09296085e-02,  1.38872921e-01,  3.99481505e-01,
        1.87103343e+00,  8.44707072e-01, -1.19710159e+00,  1.84084594e+00,
       -5.75086474e-01, -1.10337913e+00, -1.11188161e+00, -1.02749646e+00,
        1.88532621e-01, -2.70606369e-01, -1.47902310e+00,  1.33161569e+00,
        7.37156272e-01,  2.35765204e-02, -2.61527449e-01,  7.76243031e-01,
        1.99419230e-01, -7.24919319e-01,  2.88809627e-01,  2.97631085e-01,
        1.51851177e+00, -8.74261618e-01,  2.48314068e-01, -5.31039983e-02,
        2.16022320e-02, -5.87675452e-01, -5.98004937e-01,  4.16460812e-01,
        8.28860924e-02, -1.16697676e-01, -4.26015884e-01, -1.13380957e+00,
       -1.31323969e+00, -8.96786213e-01,  3.28765333e-01, -1.72878593e-01,
       -3.35222576e-04, -6.33953884e-02, -4.81975198e-01, -1.02043474e+00,
        1.13934088e+00, -1.07836771e+00, -8.74152839e-01,  5.34083962e-01,
        5.43650329e-01, -7.13931322e-02, -3.18148255e-01,  4.66322809e-01,
       -5.16941488e-01,  1.92515373e-01, -1.19435191e+00,  1.22394077e-01,
        1.13733160e+00, -1.24022818e+00, -7.56072760e-01, -1.14553541e-01],