Face(bbox=array([529.69897461,  76.58802795, 601.1784668 , 169.99226379]), landmark=array([[544.8237  , 120.36094 ],
       [577.7075  , 111.345566],
       [564.0092  , 131.07335 ],
       [555.50024 , 149.44087 ],
       [582.93494 , 142.1681  ]], dtype=float32), det_score=0.9987280964851379, embedding=array([-7.07898080e-01,  4.02954876e-01, -4.82336789e-01,  7.08758175e-01,
        6.73022091e-01,  1.61833763e+00,  1.67843246e+00,  9.11966324e-01,
       -1.61056876e-01,  1.79522440e-01,  3.20095599e-01,  4.74967182e-01,
       -1.12006135e-01,  1.40894635e-03, -5.21273077e-01,  1.23939955e+00,
        1.52299666e+00,  1.70104593e-01, -1.44686842e+00, -1.09141803e+00,
       -7.84866929e-01,  1.55975211e+00,  4.69509400e-02, -2.01197982e+00,
       -1.16897933e-01,  1.11520201e-01,  7.40391433e-01,  1.83418560e+00,
        4.42022979e-01,  1.36876523e+00,  7.39904642e-01,  6.23939633e-01,
        1.62545419e+00,  4.07019675e-01,  6.40216827e-01,  8.40047300e-01,
       -7.48993814e-01,  7.18077183e-01,  5.73761761e-01, -8.26525807e-01,
        3.80358696e-01,  3.95153075e-01,  9.67475865e-03,  8.70666921e-01,
        1.51880670e+00,  5.91386497e-01, -2.15449214e-01, -1.86649606e-01,
       -9.58390117e-01,  2.45758510e+00, -3.63743335e-01, -1.08964908e+00,
        7.45792687e-02,  9.04101312e-01, -3.51479203e-02, -3.34555417e-01,
       -1.47082710e+00, -1.64908183e+00, -1.81460500e-01,  6.49957478e-01,
        8.57488453e-01, -3.91727574e-02,  5.80769777e-01, -1.91094244e+00,
       -1.11743204e-01, -3.97454023e-01,  6.53662145e-01,  2.64766455e-01,
       -8.09480965e-01,  1.84712932e-01,  7.39254296e-01, -5.28489351e-01,
        3.96251768e-01,  4.14050132e-01,  2.11125225e-01, -6.55275643e-01,
        6.04262166e-02,  7.42356420e-01,  6.71549916e-01,  5.32115579e-01,
       -7.33078599e-01, -2.40174502e-01, -3.63248050e-01, -5.63395143e-01,
       -1.49936783e+00,  1.75571874e-01,  4.64458346e-01, -8.14987183e-01,
       -8.14297736e-01, -4.22096670e-01,  9.47435856e-01,  9.04853284e-01,
        4.22482818e-01,  4.61372048e-01, -3.35378855e-01, -1.53143108e-01,
       -7.56401896e-01, -1.05561018e+00,  2.79317141e-01,  8.50223541e-01,
        6.46181524e-01, -7.81474590e-01, -9.11965787e-01, -1.25873613e+00,
       -5.06312370e-01,  2.54712105e-01, -1.96625479e-02, -8.71708155e-01,
       -5.28494775e-01, -1.21074267e-01,  2.17559147e+00,  8.42271447e-01,
        1.40839124e+00,  1.80608347e-01,  3.46312940e-01, -7.46805668e-01,
       -5.79183877e-01, -1.09352183e+00,  4.58079964e-01,  4.32350397e-01,
        1.33801973e+00, -6.66532945e-03, -6.80930555e-01,  1.70096487e-01,
        5.29528260e-02, -5.83178341e-01, -4.52795535e-01,  5.69335878e-01,
        6.34485900e-01,  2.36405998e-01,  1.39960079e-02, -5.79520106e-01,
        3.83266717e-01, -1.96300834e-01,  8.49632561e-01,  2.08175838e-01,
        4.69771951e-01,  2.79594958e-01,  1.21940225e-01, -4.32764173e-01,
       -1.52074730e+00,  1.47473705e+00, -9.67698812e-01,  1.25820374e+00,
       -2.00837493e+00, -1.27355909e+00,  2.91374594e-01, -9.37738359e-01,
        8.36205781e-01, -4.61905837e-01, -1.29703534e+00,  3.83667439e-01,
       -1.53758347e+00,  1.22033727e+00,  3.94645184e-01, -1.17040110e+00,
       -8.16268981e-01, -1.11169147e+00, -9.13484693e-01, -1.26472622e-01,
       -3.87742698e-01, -6.55661583e-01, -2.87769020e-01, -1.96037126e+00,
        4.22160655e-01, -5.82339644e-01,  6.10336602e-01, -5.28599739e-01,
       -2.35989884e-01, -8.72908950e-01, -1.71628460e-01, -5.52103162e-01,
       -4.97025043e-01,  7.25315750e-01, -4.90072429e-01, -9.52908024e-03,
        4.71918166e-01, -6.41480207e-01, -4.20731306e-01,  9.14556324e-01,
       -6.28769577e-01,  1.07868183e-02, -6.17572248e-01,  4.47513044e-01,
        1.84510559e-01,  1.40300715e+00, -5.46891570e-01,  6.47549987e-01,
        1.06355989e+00, -5.00980556e-01,  4.05656785e-01, -1.13910854e+00,
       -1.52189374e-01,  2.04874650e-01,  3.68949503e-01,  3.24411809e-01,
        1.45060492e+00, -1.17635155e+00,  5.16638041e-01, -8.44070315e-01,
       -3.25844675e-01, -1.10956550e+00, -2.07268044e-01, -1.95110869e+00,
       -1.82827604e+00, -1.39278448e+00, -8.28517914e-01, -4.28372353e-01,
        1.42352128e+00,  9.62606490e-01, -1.40349746e-01, -3.63077998e-01,
        1.72122478e+00, -4.89848942e-01, -6.28379345e-01,  8.44537914e-02,
       -1.48432100e+00,  1.78697765e+00, -2.01040342e-01, -1.57769191e+00,
       -1.41378287e-02,  2.32214749e-01,  5.13126189e-03,  2.62102604e-01,
        9.88940179e-01,  2.47388825e-01,  7.49192417e-01, -1.90487301e+00,
        6.22613072e-01,  7.09229112e-01,  1.46493006e+00, -5.05361021e-01,
        7.97582030e-01, -5.49612403e-01,  1.46007800e+00,  6.34274125e-01,
       -5.95035374e-01,  2.19479010e-01,  5.46719611e-01, -1.22620523e+00,
       -5.10281801e-01,  2.07827464e-01, -4.76692952e-02,  8.45902920e-01,
        8.62891197e-01, -1.50625551e+00,  7.44397461e-01,  1.92014948e-01,
        4.48892385e-01, -1.56917965e+00, -1.31859136e+00, -3.95248860e-01,
        1.48254919e+00, -1.58781660e+00, -1.16710506e-01,  3.95795584e-01,
       -1.34801650e+00, -1.05197990e+00,  1.70776546e-01,  3.17336231e-01,
        1.14784729e+00, -1.60288095e-01, -7.43592858e-01,  5.03277957e-01,
        1.64558852e+00, -5.10786533e-01,  9.29206192e-01,  4.35421884e-01,
       -1.78442881e-01, -7.78697550e-01, -1.40854176e-02,  5.89149296e-01,
        6.05912089e-01, -9.85376060e-01, -1.98969796e-01, -1.33023839e-02,
        1.00006127e+00,  3.82578194e-01,  2.86660552e-01, -4.62298065e-01,
       -1.65325806e-01, -1.05403915e-01,  6.95860565e-01,  9.74249184e-01,
       -1.17813087e+00,  9.10081923e-01, -8.34940135e-01,  3.89970243e-01,
        1.05034970e-01,  6.76653266e-01,  1.01681030e+00, -1.02196538e+00,
        9.88890171e-01,  2.86395311e-01, -4.36792225e-02,  6.05241060e-01,
       -7.14491904e-01, -1.07186890e+00, -1.88999269e-02,  1.10038035e-01,
       -1.20301557e+00, -7.30398417e-01,  5.02280891e-01, -1.32896602e+00,
       -6.43560708e-01,  1.58824456e+00,  1.21238685e+00,  3.52006525e-01,
       -8.81404877e-01,  8.45802426e-01,  1.08053637e+00, -5.39778352e-01,
       -4.64231595e-02,  9.77736473e-01, -3.38766694e-01,  1.23697901e+00,
       -5.65351725e-01, -9.24369879e-03, -3.93539697e-01, -1.47860277e+00,
       -9.79137838e-01,  8.57037544e-01, -4.86302614e-01, -1.47595263e+00,
       -3.19368482e-01, -1.26144856e-01, -6.71146393e-01,  3.50054324e-01,
       -7.70402968e-01, -5.82622707e-01,  1.13878958e-01,  6.70427263e-01,
        3.35540861e-01,  9.66579199e-01, -4.08328682e-01,  8.42527509e-01,
        1.38941988e-01, -7.73514628e-01, -1.93903923e+00,  3.72218460e-01,
        7.69584537e-01, -2.96781600e-01, -1.61987090e+00, -1.34056461e+00,
       -2.21691608e+00, -8.73240829e-01,  2.00732738e-01, -7.26816244e-04,
       -3.82343531e-02, -1.30336773e+00, -5.66793740e-01, -1.06560612e+00,
        1.77659905e+00,  1.27798850e-02,  1.21289158e+00,  1.11715961e+00,
       -7.29693592e-01, -6.17516458e-01, -2.10902512e-01,  4.46113855e-01,
       -2.14316726e+00,  7.27665782e-01,  1.08556092e+00, -8.82762730e-01,
       -8.68818223e-01,  8.32386732e-01,  1.69274986e-01, -1.94069862e-01,
        1.72946721e-01,  1.34520876e+00,  1.15774906e+00, -4.24648762e-01,
        1.75168782e-01, -7.50097215e-01,  2.79571950e-01,  1.49781060e+00,
        3.16287905e-01, -6.75553560e-01,  3.36710572e-01, -5.17488122e-01,
       -1.97587982e-02,  2.98198909e-01, -4.76230264e-01, -1.26970410e+00,
       -1.23257208e+00,  2.46953532e-01,  1.31896377e-01, -3.71875204e-02,
        9.43232358e-01, -3.72982174e-01,  1.55878532e+00, -4.65579867e-01,
       -5.05050302e-01, -7.07766637e-02, -9.19537246e-01,  1.91941857e-01,
       -4.55984503e-01,  4.82609808e-01, -6.82771385e-01,  2.40371078e-01,
        5.09479940e-01,  1.02870142e+00, -3.70222896e-01, -7.91027863e-03,
        1.14922726e+00, -3.94926518e-01,  1.28889406e+00, -4.07483935e-01,
        8.38075519e-01, -7.13461995e-01, -2.15795875e-01,  2.53406197e-01,
        2.09977531e+00,  2.30236340e+00, -5.17624021e-01, -1.62693691e+00,
        6.31759226e-01, -6.25217795e-01,  9.47282910e-02,  1.48311198e-01,
       -6.56454563e-01, -3.87244165e-01, -9.72068727e-01, -6.60577059e-01,
        4.36524689e-01,  2.31976584e-01,  1.37510467e+00, -5.48206687e-01,
        8.43562603e-01,  1.43243730e+00, -1.75687301e+00, -3.60949367e-01,
        3.10583770e-01, -5.80442011e-01, -7.55603611e-01, -1.11352853e-01,
       -1.54039636e-01,  4.54267234e-01, -1.51489389e+00, -3.47566068e-01,
        3.45131218e-01,  2.60763854e-01, -7.74716020e-01,  1.20396423e+00,
       -2.51926929e-01,  2.49983724e-02, -1.27170467e+00, -2.76870638e-01,
        1.21913202e-01, -1.82371938e+00,  9.57655251e-01, -3.10171366e-01,
       -2.28700880e-02,  2.09296085e-02,  1.38872921e-01,  3.99481505e-01,
        1.87103343e+00,  8.44707072e-01, -1.19710159e+00,  1.84084594e+00,
       -5.75086474e-01, -1.10337913e+00, -1.11188161e+00, -1.02749646e+00,
        1.88532621e-01, -2.70606369e-01, -1.47902310e+00,  1.33161569e+00,
        7.37156272e-01,  2.35765204e-02, -2.61527449e-01,  7.76243031e-01,
        1.99419230e-01, -7.24919319e-01,  2.88809627e-01,  2.97631085e-01,
        1.51851177e+00, -8.74261618e-01,  2.48314068e-01, -5.31039983e-02,
        2.16022320e-02, -5.87675452e-01, -5.98004937e-01,  4.16460812e-01,
        8.28860924e-02, -1.16697676e-01, -4.26015884e-01, -1.13380957e+00,
       -1.31323969e+00, -8.96786213e-01,  3.28765333e-01, -1.72878593e-01,
       -3.35222576e-04, -6.33953884e-02, -4.81975198e-01, -1.02043474e+00,
        1.13934088e+00, -1.07836771e+00, -8.74152839e-01,  5.34083962e-01,
        5.43650329e-01, -7.13931322e-02, -3.18148255e-01,  4.66322809e-01,
       -5.16941488e-01,  1.92515373e-01, -1.19435191e+00,  1.22394077e-01,
        1.13733160e+00, -1.24022818e+00, -7.56072760e-01, -1.14553541e-01],
      dtype=float32), gender=1, age=27, embedding_norm=19.275599, normed_embedding=array([-3.67250890e-02,  2.09049210e-02, -2.50231810e-02,  3.67697105e-02,
        3.49157564e-02,  8.39578435e-02,  8.70755017e-02,  4.73119579e-02,
       -8.35547969e-03,  9.31345578e-03,  1.66062601e-02,  2.46408526e-02,
       -5.81077347e-03,  7.30948159e-05, -2.70431582e-02,  6.42988905e-02,
        7.90116414e-02,  8.82486720e-03, -7.50621781e-02, -5.66217452e-02,
       -4.07181606e-02,  8.09184760e-02,  2.43577082e-03, -1.04379632e-01,
       -6.06455514e-03,  5.78556350e-03,  3.84108126e-02,  9.51558277e-02,
        2.29317378e-02,  7.10102618e-02,  3.83855589e-02,  3.23694050e-02,
        8.43270421e-02,  2.11158004e-02,  3.32138501e-02,  4.35808674e-02,
       -3.88570987e-02,  3.72531712e-02,  2.97662225e-02, -4.28793840e-02,
        1.97326522e-02,  2.05001719e-02,  5.01917442e-04,  4.51693833e-02,
        7.87942708e-02,  3.06805782e-02, -1.11773033e-02, -9.68320668e-03,
       -4.97203805e-02,  1.27497211e-01, -1.88706629e-02, -5.65299727e-02,
        3.86910257e-03,  4.69039306e-02, -1.82344124e-03, -1.73564218e-02,
       -7.63051361e-02, -8.55528191e-02, -9.41400044e-03,  3.37191857e-02,
        4.44856994e-02, -2.03224597e-03,  3.01297922e-02, -9.91379023e-02,
       -5.79713285e-03, -2.06195433e-02,  3.39113809e-02,  1.37358354e-02,
       -4.19951156e-02,  9.58273374e-03,  3.83518189e-02, -2.74175331e-02,
        2.05571707e-02,  2.14805324e-02,  1.09529793e-02, -3.39950882e-02,
        3.13485553e-03,  3.85127552e-02,  3.48393805e-02,  2.76056584e-02,
       -3.80314328e-02, -1.24600278e-02, -1.88449696e-02, -2.92284116e-02,
       -7.77857974e-02,  9.10850428e-03,  2.40956638e-02, -4.22807708e-02,
       -4.22450043e-02, -2.18979791e-02,  4.91520837e-02,  4.69429418e-02,
        2.19180137e-02,  2.39355490e-02, -1.73991416e-02, -7.94492103e-03,
       -3.92414220e-02, -5.47640659e-02,  1.44907115e-02,  4.41088006e-02,
        3.35232913e-02, -4.05421704e-02, -4.73119318e-02, -6.53020516e-02,
       -2.62670107e-02,  1.32142259e-02, -1.02007459e-03, -4.52234037e-02,
       -2.74178144e-02, -6.28121942e-03,  1.12867646e-01,  4.36962545e-02,
        7.30660185e-02,  9.36979149e-03,  1.79663915e-02, -3.87435779e-02,
       -3.00475173e-02, -5.67308888e-02,  2.37647593e-02,  2.24299338e-02,
        6.94152117e-02, -3.45791050e-04, -3.53260413e-02,  8.82444624e-03,
        2.74714292e-03, -3.02547459e-02, -2.34906077e-02,  2.95366123e-02,
        3.29165347e-02,  1.22645218e-02,  7.26099766e-04, -3.00649609e-02,
        1.98835190e-02, -1.01839034e-02,  4.40781415e-02,  1.07999677e-02,
        2.43713297e-02,  1.45051247e-02,  6.32614456e-03, -2.24514008e-02,
       -7.88949430e-02,  7.65079781e-02, -5.02033085e-02,  6.52744323e-02,
       -1.04192607e-01, -6.60710558e-02,  1.51162408e-02, -4.86489870e-02,
        4.33815718e-02, -2.39632428e-02, -6.72889799e-02,  1.99043080e-02,
       -7.97683895e-02,  6.33099526e-02,  2.04738230e-02, -6.07193112e-02,
       -4.23472710e-02, -5.76735139e-02, -4.73907292e-02, -6.56128116e-03,
       -2.01157276e-02, -3.40151079e-02, -1.49291875e-02, -1.01702228e-01,
        2.19013002e-02, -3.02112345e-02,  3.16636898e-02, -2.74232589e-02,
       -1.22429337e-02, -4.52856980e-02, -8.90392344e-03, -2.86425948e-02,
       -2.57851928e-02,  3.76287028e-02, -2.54244991e-02, -4.94359760e-04,
        2.44826730e-02, -3.32793929e-02, -2.18271464e-02,  4.74463254e-02,
       -3.26199755e-02,  5.59610024e-04, -3.20390686e-02,  2.32165568e-02,
        9.57223494e-03,  7.27866963e-02, -2.83722226e-02,  3.35942879e-02,
        5.51764928e-02, -2.59904023e-02,  2.10450944e-02, -5.90958856e-02,
       -7.89544266e-03,  1.06287049e-02,  1.91407539e-02,  1.68301817e-02,
        7.52560273e-02, -6.10280149e-02,  2.68026982e-02, -4.37895767e-02,
       -1.69045161e-02, -5.75632192e-02, -1.07528716e-02, -1.01221696e-01,
       -9.48492512e-02, -7.22563565e-02, -4.29827347e-02, -2.22235564e-02,
        7.38509521e-02,  4.99391221e-02, -7.28121353e-03, -1.88361462e-02,
        8.92955288e-02, -2.54129041e-02, -3.25997323e-02,  4.38138377e-03,
       -7.70051852e-02,  9.27067250e-02, -1.04297847e-02, -8.18491802e-02,
       -7.33457331e-04,  1.20470840e-02,  2.66205054e-04,  1.35976374e-02,
        5.13052903e-02,  1.28343003e-02,  3.88674028e-02, -9.88230258e-02,
        3.23005840e-02,  3.67941409e-02,  7.59992003e-02, -2.62176562e-02,
        4.13778089e-02, -2.85133775e-02,  7.57474825e-02,  3.29055488e-02,
       -3.08698788e-02,  1.13863656e-02,  2.83633005e-02, -6.36143759e-02,
       -2.64729410e-02,  1.07818944e-02, -2.47303839e-03,  4.38846499e-02,
        4.47659865e-02, -7.81431273e-02,  3.86186428e-02,  9.96155571e-03,
        2.32881159e-02, -8.14075693e-02, -6.84072822e-02, -2.05051415e-02,
        7.69132599e-02, -8.23744386e-02, -6.05483167e-03,  2.05335040e-02,
       -6.99338317e-02, -5.45757338e-02,  8.85972753e-03,  1.64631065e-02,
        5.95492423e-02, -8.31559673e-03, -3.85769010e-02,  2.61095893e-02,
        8.53715912e-02, -2.64991261e-02,  4.82063480e-02,  2.25892793e-02,
       -9.25744977e-03, -4.03980985e-02, -7.30738277e-04,  3.05645131e-02,
        3.14341523e-02, -5.11203855e-02, -1.03223668e-02, -6.90115208e-04,
        5.18822409e-02,  1.98477991e-02,  1.48716811e-02, -2.39835903e-02,
       -8.57694820e-03, -5.46825631e-03,  3.61005962e-02,  5.05431369e-02,
       -6.11203276e-02,  4.72141989e-02, -4.33159135e-02,  2.02312917e-02,
        5.44911576e-03,  3.51041369e-02,  5.27511649e-02, -5.30186072e-02,
        5.13026975e-02,  1.48579208e-02, -2.26603705e-03,  3.13993394e-02,
       -3.70671712e-02, -5.56075536e-02, -9.80510493e-04,  5.70867024e-03,
       -6.24113195e-02, -3.78923863e-02,  2.60578617e-02, -6.89455122e-02,
       -3.33873257e-02,  8.23966414e-02,  6.28974959e-02,  1.82617679e-02,
       -4.57264595e-02,  4.38794382e-02,  5.60572147e-02, -2.80031953e-02,
       -2.40838993e-03,  5.07240519e-02, -1.75748989e-02,  6.41733110e-02,
       -2.93299183e-02, -4.79554437e-04, -2.04164702e-02, -7.67085254e-02,
       -5.07967547e-02,  4.44623046e-02, -2.52289250e-02, -7.65710399e-02,
       -1.65685378e-02, -6.54427707e-03, -3.48184481e-02,  1.81604903e-02,
       -3.99677828e-02, -3.02259196e-02,  5.90793369e-03,  3.47811393e-02,
        1.74075458e-02,  5.01452237e-02, -2.11837105e-02,  4.37095389e-02,
        7.20818015e-03, -4.01292145e-02, -1.00595541e-01,  1.93103459e-02,
        3.99253257e-02, -1.53967515e-02, -8.40373859e-02, -6.95472360e-02,
       -1.15011528e-01, -4.53029163e-02,  1.04138264e-02, -3.77065444e-05,
       -1.98356248e-03, -6.76174983e-02, -2.94047277e-02, -5.52826487e-02,
        9.21682939e-02,  6.63008483e-04,  6.29236773e-02,  5.79571947e-02,
       -3.78558189e-02, -3.20361741e-02, -1.09414244e-02,  2.31439695e-02,
       -1.11185513e-01,  3.77506204e-02,  5.63178845e-02, -4.57969047e-02,
       -4.50734757e-02,  4.31834459e-02,  8.78182799e-03, -1.00681623e-02,
        8.97231419e-03,  6.97881728e-02,  6.00629374e-02, -2.20303796e-02,
        9.08759236e-03, -3.89143415e-02,  1.45039307e-02,  7.77050108e-02,
        1.64087210e-02, -3.50470878e-02,  1.74682289e-02, -2.68468000e-02,
       -1.02506799e-03,  1.54702803e-02, -2.47063804e-02, -6.58710599e-02,
       -6.39446825e-02,  1.28117176e-02,  6.84266072e-03, -1.92925369e-03,
        4.89340127e-02, -1.93499662e-02,  8.08683261e-02, -2.41538472e-02,
       -2.62015369e-02, -3.67182703e-03, -4.77047302e-02,  9.95776337e-03,
       -2.36560497e-02,  2.50373445e-02, -3.54215391e-02,  1.24702267e-02,
        2.64313426e-02,  5.33680655e-02, -1.92068163e-02, -4.10377834e-04,
        5.96208349e-02, -2.04884186e-02,  6.68666139e-02, -2.11398844e-02,
        4.34785746e-02, -3.70137393e-02, -1.11952880e-02,  1.31464759e-02,
        1.08934380e-01,  1.19444460e-01, -2.68538501e-02, -8.44039619e-02,
        3.27750780e-02, -3.24357152e-02,  4.91441507e-03,  7.69424625e-03,
       -3.40562463e-02, -2.00898647e-02, -5.04300147e-02, -3.42701189e-02,
        2.26464923e-02,  1.20347282e-02,  7.13391453e-02, -2.84404494e-02,
        4.37632389e-02,  7.43135065e-02, -9.11449268e-02, -1.87257156e-02,
        1.61127951e-02, -3.01127881e-02, -3.92000079e-02, -5.77688171e-03,
       -7.99143221e-03,  2.35669594e-02, -7.85912797e-02, -1.80314016e-02,
        1.79050844e-02,  1.35281850e-02, -4.01915424e-02,  6.24605380e-02,
       -1.30697330e-02,  1.29689218e-03, -6.59748465e-02, -1.43637890e-02,
        6.32474292e-03, -9.46128517e-02,  4.96822558e-02, -1.60914008e-02,
       -1.18647877e-03,  1.08580850e-03,  7.20459688e-03,  2.07247268e-02,
        9.70674604e-02,  4.38226126e-02, -6.21045083e-02,  9.55013633e-02,
       -2.98349485e-02, -5.72422743e-02, -5.76833785e-02, -5.33055551e-02,
        9.78089590e-03, -1.40388049e-02, -7.67303333e-02,  6.90829754e-02,
        3.82429771e-02,  1.22312782e-03, -1.35677988e-02,  4.02707607e-02,
        1.03456825e-02, -3.76081355e-02,  1.49831735e-02,  1.54408216e-02,
        7.87789673e-02, -4.53558750e-02,  1.28823016e-02, -2.75498559e-03,
        1.12070353e-03, -3.04880515e-02, -3.10239363e-02,  2.16055978e-02,
        4.30005277e-03, -6.05416624e-03, -2.21013054e-02, -5.88209778e-02,
       -6.81296438e-02, -4.65244278e-02,  1.70560367e-02, -8.96877982e-03,
       -1.73910339e-05, -3.28889349e-03, -2.50044223e-02, -5.29391989e-02,
        5.91079369e-02, -5.59447072e-02, -4.53502312e-02,  2.77077761e-02,
        2.82040704e-02, -3.70380888e-03, -1.65052339e-02,  2.41923910e-02,
       -2.68184394e-02,  9.98751726e-03, -6.19618595e-02,  6.34969026e-03,
        5.90036996e-02, -6.43418729e-02, -3.92243452e-02, -5.94293047e-03],
      dtype=float32))