       embedding_norm=19.275599

       [-3.67250890e-02,  2.09049210e-02, -2.50231810e-02,  3.67697105e-02,
        3.49157564e-02,  8.39578435e-02,  8.70755017e-02,  4.73119579e-02,
       -8.35547969e-03,  9.31345578e-03,  1.66062601e-02,  2.46408526e-02,
       -5.81077347e-03,  7.30948159e-05, -2.70431582e-02,  6.42988905e-02,
        7.90116414e-02,  8.82486720e-03, -7.50621781e-02, -5.66217452e-02,
       -4.07181606e-02,  8.09184760e-02,  2.43577082e-03, -1.04379632e-01,
       -6.06455514e-03,  5.78556350e-03,  3.84108126e-02,  9.51558277e-02,
        2.29317378e-02,  7.10102618e-02,  3.83855589e-02,  3.23694050e-02,
        8.43270421e-02,  2.11158004e-02,  3.32138501e-02,  4.35808674e-02,
       -3.88570987e-02,  3.72531712e-02,  2.97662225e-02, -4.28793840e-02,
        1.97326522e-02,  2.05001719e-02,  5.01917442e-04,  4.51693833e-02,
        7.87942708e-02,  3.06805782e-02, -1.11773033e-02, -9.68320668e-03,
       -4.97203805e-02,  1.27497211e-01, -1.88706629e-02, -5.65299727e-02,
        3.86910257e-03,  4.69039306e-02, -1.82344124e-03, -1.73564218e-02,
       -7.63051361e-02, -8.55528191e-02, -9.41400044e-03,  3.37191857e-02,
        4.44856994e-02, -2.03224597e-03,  3.01297922e-02, -9.91379023e-02,
       -5.79713285e-03, -2.06195433e-02,  3.39113809e-02,  1.37358354e-02,
       -4.19951156e-02,  9.58273374e-03,  3.83518189e-02, -2.74175331e-02,
        2.05571707e-02,  2.14805324e-02,  1.09529793e-02, -3.39950882e-02,
        3.13485553e-03,  3.85127552e-02,  3.48393805e-02,  2.76056584e-02,
       -3.80314328e-02, -1.24600278e-02, -1.88449696e-02, -2.92284116e-02,
       -7.77857974e-02,  9.10850428e-03,  2.40956638e-02, -4.22807708e-02,
       -4.22450043e-02, -2.18979791e-02,  4.91520837e-02,  4.69429418e-02,
        2.19180137e-02,  2.39355490e-02, -1.73991416e-02, -7.94492103e-03,
       -3.92414220e-02, -5.47640659e-02,  1.44907115e-02,  4.41088006e-02,
        3.35232913e-02, -4.05421704e-02, -4.73119318e-02, -6.53020516e-02,
       -2.62670107e-02,  1.32142259e-02, -1.02007459e-03, -4.52234037e-02,
       -2.74178144e-02, -6.28121942e-03,  1.12867646e-01,  4.36962545e-02,
        7.30660185e-02,  9.36979149e-03,  1.79663915e-02, -3.87435779e-02,
       -3.00475173e-02, -5.67308888e-02,  2.37647593e-02,  2.24299338e-02,
        6.94152117e-02, -3.45791050e-04, -3.53260413e-02,  8.82444624e-03,
        2.74714292e-03, -3.02547459e-02, -2.34906077e-02,  2.95366123e-02,
        3.29165347e-02,  1.22645218e-02,  7.26099766e-04, -3.00649609e-02,
        1.98835190e-02, -1.01839034e-02,  4.40781415e-02,  1.07999677e-02,
        2.43713297e-02,  1.45051247e-02,  6.32614456e-03, -2.24514008e-02,
       -7.88949430e-02,  7.65079781e-02, -5.02033085e-02,  6.52744323e-02,
       -1.04192607e-01, -6.60710558e-02,  1.51162408e-02, -4.86489870e-02,
        4.33815718e-02, -2.39632428e-02, -6.72889799e-02,  1.99043080e-02,
       -7.97683895e-02,  6.33099526e-02,  2.04738230e-02, -6.07193112e-02,
       -4.23472710e-02, -5.76735139e-02, -4.73907292e-02, -6.56128116e-03,
       -2.01157276e-02, -3.40151079e-02, -1.49291875e-02, -1.01702228e-01,
        2.19013002e-02, -3.02112345e-02,  3.16636898e-02, -2.74232589e-02,
       -1.22429337e-02, -4.52856980e-02, -8.90392344e-03, -2.86425948e-02,
       -2.57851928e-02,  3.76287028e-02, -2.54244991e-02, -4.94359760e-04,
        2.44826730e-02, -3.32793929e-02, -2.18271464e-02,  4.74463254e-02,
       -3.26199755e-02,  5.59610024e-04, -3.20390686e-02,  2.32165568e-02,
        9.57223494e-03,  7.27866963e-02, -2.83722226e-02,  3.35942879e-02,
        5.51764928e-02, -2.59904023e-02,  2.10450944e-02, -5.90958856e-02,
       -7.89544266e-03,  1.06287049e-02,  1.91407539e-02,  1.68301817e-02,
        7.52560273e-02, -6.10280149e-02,  2.68026982e-02, -4.37895767e-02,
       -1.69045161e-02, -5.75632192e-02, -1.07528716e-02, -1.01221696e-01,
       -9.48492512e-02, -7.22563565e-02, -4.29827347e-02, -2.22235564e-02,
        7.38509521e-02,  4.99391221e-02, -7.28121353e-03, -1.88361462e-02,
        8.92955288e-02, -2.54129041e-02, -3.25997323e-02,  4.38138377e-03,
       -7.70051852e-02,  9.27067250e-02, -1.04297847e-02, -8.18491802e-02,
       -7.33457331e-04,  1.20470840e-02,  2.66205054e-04,  1.35976374e-02,
        5.13052903e-02,  1.28343003e-02,  3.88674028e-02, -9.88230258e-02,
        3.23005840e-02,  3.67941409e-02,  7.59992003e-02, -2.62176562e-02,
        4.13778089e-02, -2.85133775e-02,  7.57474825e-02,  3.29055488e-02,
       -3.08698788e-02,  1.13863656e-02,  2.83633005e-02, -6.36143759e-02,
       -2.64729410e-02,  1.07818944e-02, -2.47303839e-03,  4.38846499e-02,
        4.47659865e-02, -7.81431273e-02,  3.86186428e-02,  9.96155571e-03,
        2.32881159e-02, -8.14075693e-02, -6.84072822e-02, -2.05051415e-02,
        7.69132599e-02, -8.23744386e-02, -6.05483167e-03,  2.05335040e-02,
       -6.99338317e-02, -5.45757338e-02,  8.85972753e-03,  1.64631065e-02,
        5.95492423e-02, -8.31559673e-03, -3.85769010e-02,  2.61095893e-02,
        8.53715912e-02, -2.64991261e-02,  4.82063480e-02,  2.25892793e-02,
       -9.25744977e-03, -4.03980985e-02, -7.30738277e-04,  3.05645131e-02,
        3.14341523e-02, -5.11203855e-02, -1.03223668e-02, -6.90115208e-04,
        5.18822409e-02,  1.98477991e-02,  1.48716811e-02, -2.39835903e-02,
       -8.57694820e-03, -5.46825631e-03,  3.61005962e-02,  5.05431369e-02,
       -6.11203276e-02,  4.72141989e-02, -4.33159135e-02,  2.02312917e-02,
        5.44911576e-03,  3.51041369e-02,  5.27511649e-02, -5.30186072e-02,
        5.13026975e-02,  1.48579208e-02, -2.26603705e-03,  3.13993394e-02,
       -3.70671712e-02, -5.56075536e-02, -9.80510493e-04,  5.70867024e-03,
       -6.24113195e-02, -3.78923863e-02,  2.60578617e-02, -6.89455122e-02,
       -3.33873257e-02,  8.23966414e-02,  6.28974959e-02,  1.82617679e-02,
       -4.57264595e-02,  4.38794382e-02,  5.60572147e-02, -2.80031953e-02,
       -2.40838993e-03,  5.07240519e-02, -1.75748989e-02,  6.41733110e-02,
       -2.93299183e-02, -4.79554437e-04, -2.04164702e-02, -7.67085254e-02,
       -5.07967547e-02,  4.44623046e-02, -2.52289250e-02, -7.65710399e-02,
       -1.65685378e-02, -6.54427707e-03, -3.48184481e-02,  1.81604903e-02,
       -3.99677828e-02, -3.02259196e-02,  5.90793369e-03,  3.47811393e-02,
        1.74075458e-02,  5.01452237e-02, -2.11837105e-02,  4.37095389e-02,
        7.20818015e-03, -4.01292145e-02, -1.00595541e-01,  1.93103459e-02,
        3.99253257e-02, -1.53967515e-02, -8.40373859e-02, -6.95472360e-02,
       -1.15011528e-01, -4.53029163e-02,  1.04138264e-02, -3.77065444e-05,
       -1.98356248e-03, -6.76174983e-02, -2.94047277e-02, -5.52826487e-02,
        9.21682939e-02,  6.63008483e-04,  6.29236773e-02,  5.79571947e-02,
       -3.78558189e-02, -3.20361741e-02, -1.09414244e-02,  2.31439695e-02,
       -1.11185513e-01,  3.77506204e-02,  5.63178845e-02, -4.57969047e-02,
       -4.50734757e-02,  4.31834459e-02,  8.78182799e-03, -1.00681623e-02,
        8.97231419e-03,  6.97881728e-02,  6.00629374e-02, -2.20303796e-02,
        9.08759236e-03, -3.89143415e-02,  1.45039307e-02,  7.77050108e-02,
        1.64087210e-02, -3.50470878e-02,  1.74682289e-02, -2.68468000e-02,
       -1.02506799e-03,  1.54702803e-02, -2.47063804e-02, -6.58710599e-02,
       -6.39446825e-02,  1.28117176e-02,  6.84266072e-03, -1.92925369e-03,
        4.89340127e-02, -1.93499662e-02,  8.08683261e-02, -2.41538472e-02,
       -2.62015369e-02, -3.67182703e-03, -4.77047302e-02,  9.95776337e-03,
       -2.36560497e-02,  2.50373445e-02, -3.54215391e-02,  1.24702267e-02,
        2.64313426e-02,  5.33680655e-02, -1.92068163e-02, -4.10377834e-04,
        5.96208349e-02, -2.04884186e-02,  6.68666139e-02, -2.11398844e-02,
        4.34785746e-02, -3.70137393e-02, -1.11952880e-02,  1.31464759e-02,
        1.08934380e-01,  1.19444460e-01, -2.68538501e-02, -8.44039619e-02,
        3.27750780e-02, -3.24357152e-02,  4.91441507e-03,  7.69424625e-03,
       -3.40562463e-02, -2.00898647e-02, -5.04300147e-02, -3.42701189e-02,
        2.26464923e-02,  1.20347282e-02,  7.13391453e-02, -2.84404494e-02,
        4.37632389e-02,  7.43135065e-02, -9.11449268e-02, -1.87257156e-02,
        1.61127951e-02, -3.01127881e-02, -3.92000079e-02, -5.77688171e-03,
       -7.99143221e-03,  2.35669594e-02, -7.85912797e-02, -1.80314016e-02,
        1.79050844e-02,  1.35281850e-02, -4.01915424e-02,  6.24605380e-02,
       -1.30697330e-02,  1.29689218e-03, -6.59748465e-02, -1.43637890e-02,
        6.32474292e-03, -9.46128517e-02,  4.96822558e-02, -1.60914008e-02,
       -1.18647877e-03,  1.08580850e-03,  7.20459688e-03,  2.07247268e-02,
        9.70674604e-02,  4.38226126e-02, -6.21045083e-02,  9.55013633e-02,
       -2.98349485e-02, -5.72422743e-02, -5.76833785e-02, -5.33055551e-02,
        9.78089590e-03, -1.40388049e-02, -7.67303333e-02,  6.90829754e-02,
        3.82429771e-02,  1.22312782e-03, -1.35677988e-02,  4.02707607e-02,
        1.03456825e-02, -3.76081355e-02,  1.49831735e-02,  1.54408216e-02,
        7.87789673e-02, -4.53558750e-02,  1.28823016e-02, -2.75498559e-03,
        1.12070353e-03, -3.04880515e-02, -3.10239363e-02,  2.16055978e-02,
        4.30005277e-03, -6.05416624e-03, -2.21013054e-02, -5.88209778e-02,
       -6.81296438e-02, -4.65244278e-02,  1.70560367e-02, -8.96877982e-03,
       -1.73910339e-05, -3.28889349e-03, -2.50044223e-02, -5.29391989e-02,
        5.91079369e-02, -5.59447072e-02, -4.53502312e-02,  2.77077761e-02,
        2.82040704e-02, -3.70380888e-03, -1.65052339e-02,  2.41923910e-02,
       -2.68184394e-02,  9.98751726e-03, -6.19618595e-02,  6.34969026e-03,
        5.90036996e-02, -6.43418729e-02, -3.92243452e-02, -5.94293047e-03]